0 0.44394940624999996 0.899347503125 0.45804303749999997 0.889076840625 0.4550759578125 0.8798332437499999 0.45989746406250004 0.8664813812500001 0.4521088765625 0.86494078125 0.43875701562499997 0.8690490484375 0.42317984375 0.882400909375 0.41910010781249996 0.892671571875 0.41798745156250006 0.904482834375 0.4194709921875 0.909618165625 0.44024055625 0.9070505000000001 0.44394940624999996 0.899347503125
0 0.4404296875 0.39693509531250004 0.41015625 0.4280348546875 0.392578125 0.4983473546875 0.3955078125 0.505108171875 0.4033203125 0.505108171875 0.4091796875 0.48888221249999997 0.4150390625 0.48888221249999997 0.4208984375 0.4996995203125 0.43359375 0.490234375 0.44140625 0.455078125 0.46484375 0.43073918281249995 0.466796875 0.406400240625 0.486328125 0.3820612984375 0.484375 0.3604266828125 0.4794921875 0.3590745203125 0.4638671875 0.3834134609375 0.4404296875 0.39693509531250004
0 0.619140625 0.503756009375 0.6220703125 0.5213341359375 0.634765625 0.5199819703124999 0.640625 0.5010516828125 0.638671875 0.48212139374999996 0.626953125 0.48482572187499995 0.625 0.5010516828125 0.619140625 0.503756009375
0 0.533203125 0.40910456718750005 0.53125 0.43885216250000003 0.54296875 0.44426081718750005 0.54296875 0.468599759375 0.5478515625 0.47265625 0.560546875 0.468599759375 0.560546875 0.43614783749999997 0.576171875 0.406400240625 0.578125 0.3739483171875 0.572265625 0.36583533749999997 0.5576171875 0.3671875 0.5478515625 0.3780048078125 0.533203125 0.40910456718750005
0 0.1015625 0.8174579328125 0.1064453125 0.8269230765625 0.1171875 0.81475360625 0.123046875 0.7985276453125 0.12109375 0.7904146625 0.1103515625 0.7890625 0.1015625 0.7985276453125 0.1015625 0.8174579328125
0 0.9208984375 0.2806490390625 0.9287109375 0.283353365625 0.939453125 0.27118389375 0.94140625 0.249549278125 0.9375 0.24684495156250003 0.9287109375 0.2454927875 0.919921875 0.257662259375 0.9208984375 0.2806490390625
0 0.423828125 0.5875901453125 0.4404296875 0.607872596875 0.45703125 0.5767728375 0.4482421875 0.5591947109375 0.439453125 0.555138221875 0.4306640625 0.5537860578125 0.423828125 0.560546875 0.423828125 0.5875901453125
0 0.5517578125 0.689002403125 0.560546875 0.6768329328125 0.55859375 0.6687199515625 0.5517578125 0.6673677875 0.548828125 0.67412860625 0.5517578125 0.689002403125
0 0.62890625 0.6822415859375 0.6171875 0.67412860625 0.60546875 0.679537259375 0.6162109375 0.689002403125 0.62890625 0.6822415859375
0 0.6142578125 0.607872596875 0.619140625 0.601111778125 0.6171875 0.595703125 0.6064453125 0.5970552890625 0.603515625 0.6065204328125 0.6142578125 0.607872596875
0 0.9501953125 0.48888221249999997 0.951171875 0.4740084140625 0.9423828125 0.47265625 0.939453125 0.48482572187499995 0.9501953125 0.48888221249999997
0 0.142578125 0.9986478375000001 0.1611328125 1 0.16015625 0.9878305296875001 0.1474609375 0.9864783656249999 0.142578125 0.9905348546875 0.142578125 0.9986478375000001