0 0.2822265625 0.6841947109375 0.279296875 0.6963641828125 0.28515625 0.7098858171875 0.283203125 0.7152944703124999 0.306640625 0.7234074515625 0.30859375 0.7152944703124999 0.30078125 0.680138221875 0.2978515625 0.67608173125 0.2822265625 0.6841947109375
0 0.3193359375 0.724759615625 0.36328125 0.72881610625 0.37109375 0.7125901453125 0.3662109375 0.703125 0.30859375 0.672025240625 0.3193359375 0.724759615625
0 0.380859375 0.663912259375 0.388671875 0.6828425484375 0.400390625 0.685546875 0.408203125 0.650390625 0.4013671875 0.6409254796875 0.3759765625 0.6328125 0.380859375 0.663912259375
0 0.201171875 0.8423978375000001 0.2060546875 0.85186298125 0.216796875 0.8532151453125 0.23046875 0.8396935093750001 0.23046875 0.8315805296875001 0.2119140625 0.8112980765625 0.201171875 0.8423978375000001
0 0.1416015625 0.7815504796875 0.1298828125 0.7734375 0.1171875 0.777493990625 0.1435546875 0.814002403125 0.1640625 0.820763221875 0.177734375 0.7801983171875 0.1748046875 0.770733171875 0.1630859375 0.7842548078125 0.1416015625 0.7815504796875
0 0.1669921875 0.3894230765625 0.15625 0.398888221875 0.154296875 0.41511418281249995 0.1630859375 0.443509615625 0.1796875 0.4421574515625 0.1875 0.4367487984375 0.193359375 0.4097055296875 0.1767578125 0.392127403125 0.1669921875 0.3894230765625
0 0.3271484375 0.23798076875000002 0.326171875 0.263671875 0.3330078125 0.27313701875 0.345703125 0.2717848546875 0.353515625 0.2609675484375 0.357421875 0.24203725937499998 0.3427734375 0.23527644374999998 0.3271484375 0.23798076875000002
0 0.2890625 0.3150540859375 0.2978515625 0.32722355625 0.326171875 0.328575721875 0.337890625 0.312349759375 0.3369140625 0.3001802890625 0.3017578125 0.2974759609375 0.2890625 0.3150540859375
0 0.3466796875 0.11358173125 0.32421875 0.1257512015625 0.3271484375 0.135216346875 0.3447265625 0.1433293265625 0.37890625 0.144681490625 0.3857421875 0.1433293265625 0.3984375 0.1257512015625 0.3974609375 0.11087740312500001 0.3466796875 0.11358173125
0 0.0263671875 0.27313701875 0.0390625 0.2744891828125 0.04296875 0.26908052968749996 0.0361328125 0.251502403125 0.0234375 0.2609675484375 0.0263671875 0.27313701875
0 0.125 0.2609675484375 0.1279296875 0.2785456734375 0.154296875 0.27989783749999997 0.158203125 0.2717848546875 0.1494140625 0.251502403125 0.1337890625 0.251502403125 0.125 0.2609675484375