3 0.5752427140624999 0.630105171875 0.596754046875 0.6501329640625 0.6208615749999999 0.652187096875 0.643114678125 0.645511165625 0.6509032640625 0.5900495859375 0.6379222875 0.543831603125 0.627908390625 0.5407504046875 0.5978667015625 0.5433180703125 0.5789515640625 0.5582105312500001 0.574871828125 0.5885089875 0.5752427140624999 0.630105171875
3 0.649419725 0.7625967250000001 0.66536778125 0.78981398125 0.6798322984375 0.805733509375 0.6879917703125 0.7738944531249999 0.678348759375 0.7261358703125 0.6657386671875 0.6799178875 0.652757690625 0.643457034375 0.639405828125 0.653727696875 0.6282792765625 0.6737554890624999 0.6219742312500001 0.7066216109375001 0.6342134374999999 0.740001265625 0.649419725 0.7625967250000001
3 0.7599434703125 0.5366421406249999 0.76291055 0.5633458625000001 0.7814548015625 0.54485866875 0.7948066640625 0.51045195 0.77329533125 0.47707229375000004 0.757347275 0.450882103125 0.767361171875 0.4601257 0.760685240625 0.42982724531249994 0.7477042640625 0.416988915625 0.722484078125 0.4246919125 0.72804735625 0.44369264062499997 0.7410283328125 0.478099359375 0.7503004578125 0.5094248828125 0.7599434703125 0.5366421406249999
3 0.805189221875 0.396923946875 0.80606856875 0.378660575 0.7878953859375 0.36242646562499997 0.77968814375 0.3612089078125 0.78086060625 0.369731815625 0.7837917640625001 0.3827191015625 0.7961026296875 0.398953209375 0.8004993671875 0.40463514843750004 0.805189221875 0.396923946875
3 0.7026192984375 0.76257585625 0.7177710687500001 0.74013280625 0.7297515390625 0.720617109375 0.7234089375 0.692807240625 0.7079048 0.6635336953125 0.7050858671875 0.6889041015624999 0.7005050984375 0.7054924437500001 0.699800365625 0.742084375 0.6962766984375001 0.7679426734375 0.7026192984375 0.76257585625
3 0.7065515953125 0.7961759234375 0.7098701562499999 0.80285945625 0.712585340625 0.805783503125 0.721635959375 0.8078721062499999 0.72585958125 0.8078721062499999 0.7285747671875 0.8053657812499999 0.730686578125 0.802024015625 0.730686578125 0.798264528125 0.7312899515625 0.7911632734375 0.730988265625 0.7886569484375 0.729178140625 0.78406201875 0.72555789375 0.77654304375 0.7243511453125 0.77904936875 0.7207308984374999 0.77904936875 0.712887028125 0.781137971875 0.702327975 0.7844797406249999 0.7065515953125 0.7961759234375
3 0.8610154796874999 0.804530340625 0.865540790625 0.805783503125 0.8700660984375 0.8062012234375 0.8791167171875 0.8070366640625 0.8830386515624999 0.8066189453125 0.8866588984374999 0.805783503125 0.8881673359375 0.8011885734374999 0.8860555250000001 0.7965936453125 0.8851504625000001 0.794922759375 0.880926840625 0.78907466875 0.873384659375 0.78907466875 0.8628256046875 0.7924164359375 0.8586019828125 0.79909996875 0.8610154796874999 0.804530340625
3 0.549523240625 0.6527725734375001 0.54802895625 0.6388067578125 0.5315918234375 0.6263927 0.528976825 0.63673775 0.528603253125 0.6553588375 0.53383325 0.66725564375 0.5420518171875 0.66725564375 0.549523240625 0.6527725734375001
3 0.71427405 0.5268653828125001 0.715980390625 0.5386785078125 0.7330437937500001 0.5259203328125001 0.7432818359375 0.5216676078125 0.7446469078125 0.5089094328125 0.73918661875 0.5074918562499999 0.7272422359374999 0.50560175625 0.7217819484375 0.51505225625 0.715639121875 0.5235577078125 0.71427405 0.5268653828125001
3 0.62109375 0.734224759375 0.6083984375 0.7220552890625 0.583984375 0.7639723546875 0.595703125 0.8423978375000001 0.6044921875 0.8572716343750001 0.6142578125 0.84375 0.6181640625 0.8545673078125 0.625 0.8505108171875 0.6220703125 0.84375 0.6318359375 0.84375 0.6337890625 0.85186298125 0.646484375 0.8559194703124999 0.6533203125 0.8545673078125 0.6640625 0.8396935093750001 0.669921875 0.820763221875 0.62109375 0.734224759375
2 0.12655601249999998 0.46819639999999996 0.1463303890625 0.49557630625 0.1740145171875 0.4668274046875 0.18983401718749998 0.4421854890625 0.167093484375 0.3915326609375 0.1502852640625 0.372366728125 0.12062369843750001 0.372366728125 0.0870072578125 0.40248462500000004 0.095905728125 0.4394474984375 0.12655601249999998 0.46819639999999996