0 0.279296875 0.3036358171875 0.2822265625 0.3158052890625 0.2978515625 0.32391826875 0.30078125 0.319861778125 0.30859375 0.28470552968749996 0.306640625 0.2765925484375 0.283203125 0.28470552968749996 0.28515625 0.2901141828125 0.279296875 0.3036358171875
0 0.3662109375 0.296875 0.37109375 0.2874098546875 0.36328125 0.27118389375 0.3193359375 0.275240384375 0.30859375 0.327974759375 0.3662109375 0.296875
0 0.3759765625 0.3671875 0.4013671875 0.3590745203125 0.408203125 0.349609375 0.400390625 0.314453125 0.388671875 0.3171574515625 0.380859375 0.336087740625 0.3759765625 0.3671875
0 0.2119140625 0.1887019234375 0.23046875 0.16841947031249999 0.23046875 0.160306490625 0.216796875 0.1467848546875 0.2060546875 0.14813701875000002 0.201171875 0.1576021625 0.2119140625 0.1887019234375
0 0.1298828125 0.2265625 0.1416015625 0.2184495203125 0.1630859375 0.2157451921875 0.1748046875 0.22926682812500002 0.177734375 0.2198016828125 0.1640625 0.179236778125 0.1435546875 0.185997596875 0.1171875 0.22250600937499998 0.1298828125 0.2265625
0 0.15625 0.601111778125 0.1669921875 0.6105769234375 0.1767578125 0.607872596875 0.193359375 0.5902944703124999 0.1875 0.5632512015625 0.1796875 0.5578425484375 0.1630859375 0.556490384375 0.154296875 0.5848858171875 0.15625 0.601111778125
0 0.3271484375 0.76201923125 0.3427734375 0.76472355625 0.357421875 0.757962740625 0.353515625 0.7390324515625 0.345703125 0.7282151453125 0.3330078125 0.72686298125 0.326171875 0.736328125 0.3271484375 0.76201923125
0 0.3017578125 0.7025240390625 0.3369140625 0.6998197109375 0.337890625 0.687650240625 0.326171875 0.671424278125 0.2978515625 0.67277644375 0.2890625 0.6849459140625 0.3017578125 0.7025240390625
0 0.32421875 0.8742487984375 0.3466796875 0.88641826875 0.3974609375 0.889122596875 0.3984375 0.8742487984375 0.3857421875 0.8566706734375 0.37890625 0.8553185093750001 0.3447265625 0.8566706734375 0.3271484375 0.864783653125 0.32421875 0.8742487984375
0 0.0361328125 0.748497596875 0.04296875 0.7309194703124999 0.0390625 0.7255108171875 0.0263671875 0.72686298125 0.0234375 0.7390324515625 0.0361328125 0.748497596875
0 0.1337890625 0.748497596875 0.1494140625 0.748497596875 0.158203125 0.7282151453125 0.154296875 0.7201021625 0.1279296875 0.7214543265625 0.125 0.7390324515625 0.1337890625 0.748497596875