0 0.44394940624999996 0.100652496875 0.44024055625 0.09294949999999999 0.4194709921875 0.090381834375 0.41798745156250006 0.095517165625 0.41910010781249996 0.10732842812500001 0.42317984375 0.117599090625 0.43875701562499997 0.1309509515625 0.4521088765625 0.13505921875 0.45989746406250004 0.13351861874999998 0.4550759578125 0.12016675624999999 0.45804303749999997 0.110923159375 0.44394940624999996 0.100652496875
0 0.4091796875 0.5111177875 0.4033203125 0.494891828125 0.3955078125 0.494891828125 0.392578125 0.5016526453125 0.41015625 0.5719651453125 0.4404296875 0.6030649046875001 0.4638671875 0.6165865390625 0.4794921875 0.6409254796875 0.484375 0.6395733171875 0.486328125 0.6179387015625 0.466796875 0.593599759375 0.46484375 0.5692608171875 0.44140625 0.544921875 0.43359375 0.509765625 0.4208984375 0.5003004796875 0.4150390625 0.5111177875 0.4091796875 0.5111177875
0 0.640625 0.49894831718750005 0.634765625 0.4800180296875 0.6220703125 0.4786658640625 0.619140625 0.496243990625 0.625 0.49894831718750005 0.626953125 0.515174278125 0.638671875 0.51787860625 0.640625 0.49894831718750005
0 0.53125 0.5611478375 0.533203125 0.5908954328125 0.5478515625 0.6219951921875 0.5576171875 0.6328125 0.572265625 0.6341646625 0.578125 0.6260516828125 0.576171875 0.593599759375 0.560546875 0.5638521625 0.560546875 0.531400240625 0.5478515625 0.52734375 0.54296875 0.531400240625 0.54296875 0.5557391828125 0.53125 0.5611478375
0 0.123046875 0.2014723546875 0.1171875 0.18524639375000002 0.1064453125 0.1730769234375 0.1015625 0.1825420671875 0.1015625 0.2014723546875 0.1103515625 0.2109375 0.12109375 0.2095853375 0.123046875 0.2014723546875
0 0.94140625 0.750450721875 0.939453125 0.72881610625 0.9287109375 0.716646634375 0.9208984375 0.7193509609375 0.919921875 0.742337740625 0.9287109375 0.7545072125 0.9375 0.7531550484375 0.94140625 0.750450721875
0 0.4482421875 0.4408052890625 0.45703125 0.42322716250000003 0.4404296875 0.392127403125 0.423828125 0.4124098546875 0.423828125 0.439453125 0.4306640625 0.44621394218750005 0.439453125 0.44486177812500005 0.4482421875 0.4408052890625
0 0.548828125 0.32587139375 0.5517578125 0.33263221249999997 0.55859375 0.3312800484375 0.560546875 0.3231670671875 0.5517578125 0.310997596875 0.548828125 0.32587139375
0 0.6171875 0.32587139375 0.62890625 0.3177584140625 0.6162109375 0.310997596875 0.60546875 0.320462740625 0.6171875 0.32587139375
0 0.603515625 0.3934795671875 0.6064453125 0.4029447109375 0.6171875 0.404296875 0.619140625 0.398888221875 0.6142578125 0.392127403125 0.603515625 0.3934795671875
0 0.951171875 0.5259915859375 0.9501953125 0.5111177875 0.939453125 0.515174278125 0.9423828125 0.52734375 0.951171875 0.5259915859375
0 0.142578125 0.009465145312500001 0.1474609375 0.013521634375 0.16015625 0.0121694703125 0.1611328125 0 0.142578125 0.0013521625 0.142578125 0.009465145312500001