3 0.3620777125 0.543831603125 0.3490967359375 0.5900495859375 0.356885321875 0.645511165625 0.379138425 0.652187096875 0.403245953125 0.6501329640625 0.42475728593750006 0.630105171875 0.42512817187499996 0.5885089875 0.4210484359375 0.5582105312500001 0.4021332984375 0.5433180703125 0.372091609375 0.5407504046875 0.3620777125 0.543831603125
3 0.347242309375 0.643457034375 0.33426133281250003 0.6799178875 0.321651240625 0.7261358703125 0.3120082296875 0.7738944531249999 0.3201677015625 0.805733509375 0.33463221875000004 0.78981398125 0.350580275 0.7625967250000001 0.36578656249999997 0.740001265625 0.37802576875 0.7066216109375001 0.3717207234375 0.6737554890624999 0.360594171875 0.653727696875 0.347242309375 0.643457034375
3 0.2522957359375 0.416988915625 0.23931475937500002 0.42982724531249994 0.23263882812499997 0.4601257 0.24265272499999999 0.450882103125 0.22670466875 0.47707229375000004 0.2051933359375 0.51045195 0.21854519843750003 0.54485866875 0.23708944999999998 0.5633458625000001 0.2400565296875 0.5366421406249999 0.24969954218749998 0.5094248828125 0.25897166718750003 0.478099359375 0.27195264375 0.44369264062499997 0.27751592187499996 0.4246919125 0.2522957359375 0.416988915625
3 0.22031185625 0.3612089078125 0.21210461406249997 0.36242646562499997 0.19393143125 0.378660575 0.194810778125 0.396923946875 0.1995006328125 0.40463514843750004 0.2038973703125 0.398953209375 0.2162082359375 0.3827191015625 0.21913939375 0.369731815625 0.22031185625 0.3612089078125
3 0.2920952 0.6635336953125 0.2765910625 0.692807240625 0.2702484609375 0.720617109375 0.28222893125000004 0.74013280625 0.29738070156249996 0.76257585625 0.3037233015625 0.7679426734375 0.300199634375 0.742084375 0.2994949015625 0.7054924437500001 0.2949141328125 0.6889041015624999 0.2920952 0.6635336953125
3 0.27444210625 0.77654304375 0.270821859375 0.78406201875 0.269011734375 0.7886569484375 0.2687100484375 0.7911632734375 0.269313421875 0.798264528125 0.269313421875 0.802024015625 0.27142523281250003 0.8053657812499999 0.27414041875 0.8078721062499999 0.278364040625 0.8078721062499999 0.287414659375 0.805783503125 0.29012984375 0.80285945625 0.2934484046875 0.7961759234375 0.297672025 0.7844797406249999 0.28711297187499996 0.781137971875 0.2792691015625 0.77904936875 0.2756488546875 0.77904936875 0.27444210625 0.77654304375
3 0.1148495375 0.794922759375 0.113944475 0.7965936453125 0.1118326640625 0.8011885734374999 0.11334110156249999 0.805783503125 0.11696134843749999 0.8066189453125 0.1208832828125 0.8070366640625 0.1299339015625 0.8062012234375 0.134459209375 0.805783503125 0.1389845203125 0.804530340625 0.1413980171875 0.79909996875 0.1371743953125 0.7924164359375 0.126615340625 0.78907466875 0.119073159375 0.78907466875 0.1148495375 0.794922759375
3 0.4684081765625 0.6263927 0.45197104374999997 0.6388067578125 0.450476759375 0.6527725734375001 0.4579481828125 0.66725564375 0.46616675 0.66725564375 0.471396746875 0.6553588375 0.471023175 0.63673775 0.4684081765625 0.6263927
3 0.2553530921875 0.5089094328125 0.2567181640625 0.5216676078125 0.26695620625 0.5259203328125001 0.284019609375 0.5386785078125 0.28572595 0.5268653828125001 0.284360878125 0.5235577078125 0.2782180515625 0.51505225625 0.27275776406249996 0.50560175625 0.26081338125000003 0.5074918562499999 0.2553530921875 0.5089094328125
3 0.3662109375 0.85186298125 0.3681640625 0.84375 0.3779296875 0.84375 0.375 0.8505108171875 0.3818359375 0.8545673078125 0.3857421875 0.84375 0.3955078125 0.8572716343750001 0.404296875 0.8423978375000001 0.416015625 0.7639723546875 0.3916015625 0.7220552890625 0.37890625 0.734224759375 0.330078125 0.820763221875 0.3359375 0.8396935093750001 0.3466796875 0.8545673078125 0.353515625 0.8559194703124999 0.3662109375 0.85186298125
2 0.832906515625 0.3915326609375 0.8101659828125 0.4421854890625 0.8259854828125001 0.4668274046875 0.8536696109375 0.49557630625 0.8734439875 0.46819639999999996 0.9040942718749999 0.4394474984375 0.9129927421874999 0.40248462500000004 0.8793763015625 0.372366728125 0.8497147359375001 0.372366728125 0.832906515625 0.3915326609375