0 0.720703125 0.6963641828125 0.7177734375 0.6841947109375 0.7021484375 0.67608173125 0.69921875 0.680138221875 0.69140625 0.7152944703124999 0.693359375 0.7234074515625 0.716796875 0.7152944703124999 0.71484375 0.7098858171875 0.720703125 0.6963641828125
0 0.6337890625 0.703125 0.62890625 0.7125901453125 0.63671875 0.72881610625 0.6806640625 0.724759615625 0.69140625 0.672025240625 0.6337890625 0.703125
0 0.6240234375 0.6328125 0.5986328125 0.6409254796875 0.591796875 0.650390625 0.599609375 0.685546875 0.611328125 0.6828425484375 0.619140625 0.663912259375 0.6240234375 0.6328125
0 0.7880859375 0.8112980765625 0.76953125 0.8315805296875001 0.76953125 0.8396935093750001 0.783203125 0.8532151453125 0.7939453125 0.85186298125 0.798828125 0.8423978375000001 0.7880859375 0.8112980765625
0 0.8701171875 0.7734375 0.8583984375 0.7815504796875 0.8369140625 0.7842548078125 0.8251953125 0.770733171875 0.822265625 0.7801983171875 0.8359375 0.820763221875 0.8564453125 0.814002403125 0.8828125 0.777493990625 0.8701171875 0.7734375
0 0.84375 0.398888221875 0.8330078125 0.3894230765625 0.8232421875 0.392127403125 0.806640625 0.4097055296875 0.8125 0.4367487984375 0.8203125 0.4421574515625 0.8369140625 0.443509615625 0.845703125 0.41511418281249995 0.84375 0.398888221875
0 0.6728515625 0.23798076875000002 0.6572265625 0.23527644374999998 0.642578125 0.24203725937499998 0.646484375 0.2609675484375 0.654296875 0.2717848546875 0.6669921875 0.27313701875 0.673828125 0.263671875 0.6728515625 0.23798076875000002
0 0.6982421875 0.2974759609375 0.6630859375 0.3001802890625 0.662109375 0.312349759375 0.673828125 0.328575721875 0.7021484375 0.32722355625 0.7109375 0.3150540859375 0.6982421875 0.2974759609375
0 0.67578125 0.1257512015625 0.6533203125 0.11358173125 0.6025390625 0.11087740312500001 0.6015625 0.1257512015625 0.6142578125 0.1433293265625 0.62109375 0.144681490625 0.6552734375 0.1433293265625 0.6728515625 0.135216346875 0.67578125 0.1257512015625
0 0.9638671875 0.251502403125 0.95703125 0.26908052968749996 0.9609375 0.2744891828125 0.9736328125 0.27313701875 0.9765625 0.2609675484375 0.9638671875 0.251502403125
0 0.8662109375 0.251502403125 0.8505859375 0.251502403125 0.841796875 0.2717848546875 0.845703125 0.27989783749999997 0.8720703125 0.2785456734375 0.875 0.2609675484375 0.8662109375 0.251502403125