0 0.55859375 0.6389723546875 0.55859375 0.652493990625 0.546875 0.666015625 0.55078125 0.7390324515625 0.5556640625 0.75390625 0.56640625 0.7119891828125 0.583984375 0.67412860625 0.583984375 0.6551983171875 0.578125 0.644381009375 0.583984375 0.62274639375 0.55859375 0.609224759375 0.544921875 0.6119290859375 0.546875 0.625450721875 0.55859375 0.6389723546875
0 0.5126953125 0.72686298125 0.4921875 0.757962740625 0.4970703125 0.7782451921875 0.5322265625 0.7782451921875 0.537109375 0.7877103375 0.53515625 0.8228665859375001 0.521484375 0.8499098546875 0.521484375 0.8688401453125 0.5283203125 0.88641826875 0.537109375 0.876953125 0.546875 0.841796875 0.5390625 0.7173978375 0.5341796875 0.7160456734375 0.5244140625 0.72686298125 0.5126953125 0.72686298125
0 0.2109375 0.0494290859375 0.2109375 0.0656550484375 0.2294921875 0.0670072125 0.2470703125 0.05889423125 0.271484375 0.011568509375 0.265625 0.0061598546875 0.2490234375 0.00751201875 0.2216796875 0.02373798125 0.2109375 0.0494290859375
0 0.146484375 0.1008112984375 0.142578125 0.103515625 0.1591796875 0.1237980765625 0.1767578125 0.1319110578125 0.2001953125 0.1183894234375 0.216796875 0.0954026453125 0.216796875 0.0872896625 0.1552734375 0.088641828125 0.1455078125 0.0940504796875 0.146484375 0.1008112984375
0 0.087890625 0.16841947031249999 0.0947265625 0.1805889421875 0.1181640625 0.1724759609375 0.154296875 0.1494891828125 0.154296875 0.1413762015625 0.1474609375 0.134615384375 0.115234375 0.12244591406250001 0.1064453125 0.1237980765625 0.091796875 0.1494891828125 0.087890625 0.16841947031249999
0 0.0302734375 0.48888221249999997 0.0576171875 0.48347355625 0.0625 0.4713040859375 0.048828125 0.4577824515625 0.0419921875 0.4564302890625 0.025390625 0.48212139374999996 0.0302734375 0.48888221249999997
0 0.8720703125 0.46183894218750005 0.8818359375 0.46183894218750005 0.88671875 0.4523737984375 0.880859375 0.4253305296875 0.86328125 0.4280348546875 0.86328125 0.441556490625 0.8720703125 0.46183894218750005
0 0.9814453125 0.5240384609375 0.9990234375 0.5267427875 1 0.5064603375 0.98828125 0.5010516828125 0.9716796875 0.502403846875 0.96875 0.511868990625 0.9814453125 0.5240384609375
0 0.59375 0.5767728375 0.5986328125 0.583533653125 0.6083984375 0.583533653125 0.615234375 0.574068509375 0.626953125 0.5497295671875 0.623046875 0.5416165859375 0.6103515625 0.5402644234375 0.59765625 0.547025240625 0.59375 0.5767728375
0 0.3974609375 0.47265625 0.416015625 0.46589543281249995 0.408203125 0.44426081718750005 0.388671875 0.4469651453125 0.390625 0.46319110625000004 0.3974609375 0.47265625
0 0.4267578125 0.5537860578125 0.4423828125 0.54296875 0.44921875 0.525390625 0.4228515625 0.53485576875 0.416015625 0.5497295671875 0.4267578125 0.5537860578125
0 0.390625 0.6579026453125 0.390625 0.6389723546875 0.380859375 0.6416766828125 0.3818359375 0.6592548078125 0.390625 0.6579026453125
0 0.2939453125 0.5754206734375 0.3037109375 0.572716346875 0.30859375 0.5632512015625 0.306640625 0.555138221875 0.2939453125 0.556490384375 0.2890625 0.5686598546875 0.2939453125 0.5754206734375
0 0.365234375 0.8039362984375 0.3994140625 0.8106971156249999 0.40234375 0.8012319703124999 0.3984375 0.793118990625 0.3857421875 0.7971754796875 0.3740234375 0.791766828125 0.365234375 0.8039362984375
0 0.66796875 0.876953125 0.6787109375 0.8837139421875 0.681640625 0.876953125 0.67578125 0.8553185093750001 0.6669921875 0.8566706734375 0.666015625 0.8634314906249999 0.66796875 0.876953125
0 0.7275390625 0.8377403843750001 0.728515625 0.8201622593750001 0.7177734375 0.8188100953124999 0.716796875 0.83368389375 0.7275390625 0.8377403843750001
0 0.7216796875 0.88641826875 0.7275390625 0.8837139421875 0.73828125 0.8715444703124999 0.734375 0.8661358171875 0.7177734375 0.86748798125 0.71484375 0.8796574515625 0.7216796875 0.88641826875
0 0.873046875 0.8688401453125 0.873046875 0.8580228375000001 0.869140625 0.8553185093750001 0.861328125 0.8607271624999999 0.8642578125 0.8728966343750001 0.873046875 0.8688401453125
0 0.3642578125 0.86748798125 0.3876953125 0.86748798125 0.392578125 0.8607271624999999 0.392578125 0.841796875 0.38671875 0.83368389375 0.3759765625 0.8350360578125 0.365234375 0.8499098546875 0.3642578125 0.86748798125
0 0.3271484375 0.9459134609375001 0.3486328125 0.9486177874999999 0.361328125 0.9364483171875 0.357421875 0.9337439906249999 0.36328125 0.9229266828125 0.361328125 0.9094050484375 0.3515625 0.9012920671875 0.33203125 0.9256310093750001 0.326171875 0.9364483171875 0.3271484375 0.9459134609375001
0 0.7158203125 0.9783653843750001 0.724609375 0.97430889375 0.724609375 0.9580829328125 0.720703125 0.952674278125 0.7138671875 0.9513221156249999 0.708984375 0.9607872593750001 0.7158203125 0.9783653843750001
0 0.74609375 0.9986478375000001 0.7412109375 0.9891826921875 0.724609375 0.9797175484375 0.716796875 0.982421875 0.7158203125 1 0.74609375 0.9986478375000001
0 0.3623046875 1 0.36328125 0.9716045671875 0.3515625 0.9689002406249999 0.33984375 0.97430889375 0.33984375 0.9932391828125 0.3427734375 1 0.3623046875 1
0 0.3935546875 1 0.390625 0.9661959140624999 0.3447265625 0.970252403125 0.341796875 0.9986478375000001 0.3935546875 1
0 0.4052734375 0.791766828125 0.423828125 0.7795973546875 0.419921875 0.76337139375 0.423828125 0.7525540859375 0.41796875 0.749849759375 0.41015625 0.7552584140625 0.404296875 0.771484375 0.4052734375 0.791766828125