0 0.8994140625 0.9594350953124999 0.892578125 0.9689002406249999 0.892578125 0.9797175484375 0.8994140625 0.9864783656249999 0.9208984375 0.9837740390624999 0.921875 0.9716045671875 0.91015625 0.9607872593750001 0.8994140625 0.9594350953124999
0 0.7275390625 0.8269230765625 0.72265625 0.836388221875 0.720703125 0.882361778125 0.7236328125 0.88641826875 0.7509765625 0.8728966343750001 0.771484375 0.8526141828125 0.7626953125 0.8377403843750001 0.73828125 0.8255709140624999 0.7275390625 0.8269230765625
0 0.7451171875 0.7593149046875001 0.7177734375 0.7701322125 0.712890625 0.7768930296875001 0.71484375 0.793118990625 0.7275390625 0.7971754796875 0.7548828125 0.7890625 0.759765625 0.7823016828125 0.755859375 0.7606670671875 0.7451171875 0.7593149046875001
0 0.8271484375 0.7214543265625 0.8056640625 0.732271634375 0.802734375 0.7552584140625 0.8232421875 0.7593149046875001 0.8466796875 0.74579326875 0.8515625 0.736328125 0.8408203125 0.732271634375 0.8359375 0.722806490625 0.8271484375 0.7214543265625
0 0.3984375 0.8742487984375 0.3984375 0.88506610625 0.404296875 0.906700721875 0.4111328125 0.9107572125000001 0.416015625 0.906700721875 0.41796875 0.8877704328125 0.40625 0.8715444703124999 0.3984375 0.8742487984375
1 0.7958984375 0.6105769234375 0.7841796875 0.6105769234375 0.7724609375 0.599759615625 0.767578125 0.60381610625 0.7802734375 0.6322115390625 0.7900390625 0.6349158640625 0.8056640625 0.6592548078125 0.8134765625 0.6619591359375 0.822265625 0.630859375 0.83203125 0.625450721875 0.83203125 0.617337740625 0.806640625 0.595703125 0.7958984375 0.6105769234375
0 0.9072265625 0.86748798125 0.90625 0.8688401453125 0.90625 0.8742487984375 0.9052734375 0.8756009609375001 0.9033203125 0.8756009609375001 0.8984375 0.882361778125 0.8984375 0.8904747593750001 0.9013671875 0.89453125 0.9130859375 0.89453125 0.9150390625 0.8918269234375 0.9189453125 0.8918269234375 0.9208984375 0.889122596875 0.9248046875 0.889122596875 0.9267578125 0.88641826875 0.9287109375 0.88641826875 0.931640625 0.882361778125 0.931640625 0.8796574515625 0.9306640625 0.8783052890624999 0.9267578125 0.8783052890624999 0.9248046875 0.8756009609375001 0.9111328125 0.8756009609375001 0.908203125 0.8715444703124999 0.908203125 0.8688401453125 0.9072265625 0.86748798125
0 0.9365234375 0.90264423125 0.9306640625 0.90264423125 0.9287109375 0.9053485562500001 0.9248046875 0.9053485562500001 0.9228515625 0.9080528843750001 0.9208984375 0.9080528843750001 0.9189453125 0.9107572125000001 0.9130859375 0.9107572125000001 0.9111328125 0.9134615390624999 0.9091796875 0.9134615390624999 0.90625 0.9175180296875001 0.90625 0.9202223546875 0.908203125 0.9229266828125 0.908203125 0.9256310093750001 0.9091796875 0.926983171875 0.9150390625 0.926983171875 0.9169921875 0.924278846875 0.9208984375 0.924278846875 0.9248046875 0.9188701921875 0.9267578125 0.9188701921875 0.9287109375 0.9161658640624999 0.9326171875 0.9161658640624999 0.9345703125 0.9134615390624999 0.9365234375 0.9134615390624999 0.939453125 0.9094050484375 0.939453125 0.906700721875 0.9375 0.90399639375 0.9365234375 0.90264423125
0 0.462890625 0.2901141828125 0.462890625 0.30904447031250004 0.4736328125 0.32391826875 0.4853515625 0.326622596875 0.48828125 0.314453125 0.470703125 0.2874098546875 0.462890625 0.2901141828125
0 0.2734375 0.67412860625 0.26953125 0.687650240625 0.26953125 0.7065805296875001 0.2763671875 0.71875 0.291015625 0.7119891828125 0.291015625 0.67412860625 0.28515625 0.6606069703124999 0.2734375 0.67412860625
0 0.5673828125 0.645733171875 0.55859375 0.6606069703124999 0.560546875 0.67412860625 0.5830078125 0.697115384375 0.591796875 0.6903545671875 0.587890625 0.6470853375 0.5673828125 0.645733171875
0 0.8701171875 0.767427884375 0.86328125 0.7823016828125 0.8896484375 0.7971754796875 0.890625 0.7741887015625 0.87890625 0.766075721875 0.8701171875 0.767427884375
0 0.3818359375 0.53485576875 0.359375 0.5632512015625 0.357421875 0.5848858171875 0.3642578125 0.6024639421875 0.37890625 0.5984074515625 0.380859375 0.574068509375 0.392578125 0.5578425484375 0.390625 0.5362079328125 0.3818359375 0.53485576875
0 0.5927734375 0.9540264437499999 0.5751953125 0.9621394234375 0.5703125 0.9689002406249999 0.572265625 0.9797175484375 0.5849609375 0.9837740390624999 0.6005859375 0.97295673125 0.607421875 0.9634915859375001 0.60546875 0.95537860625 0.5927734375 0.9540264437499999
0 0.8310546875 0.5078125 0.8134765625 0.5186298078125 0.806640625 0.53350360625 0.8369140625 0.564603365625 0.845703125 0.555138221875 0.845703125 0.547025240625 0.83984375 0.5443209140625 0.841796875 0.5362079328125 0.86328125 0.5226862984375 0.86328125 0.5064603375 0.8310546875 0.5078125
0 0.9384765625 0.932391828125 0.92578125 0.9418569703124999 0.9296875 0.9634915859375001 0.9404296875 0.9756610578125 0.947265625 0.9716045671875 0.94921875 0.9607872593750001 0.9453125 0.9337439906249999 0.9384765625 0.932391828125