0 0.892578125 0.0202824515625 0.892578125 0.031099759375 0.8994140625 0.0405649046875 0.91015625 0.039212740625 0.921875 0.0283954328125 0.9208984375 0.0162259609375 0.8994140625 0.013521634375 0.892578125 0.0202824515625
0 0.7236328125 0.11358173125 0.720703125 0.11763822187499999 0.72265625 0.163611778125 0.7275390625 0.1730769234375 0.73828125 0.1744290859375 0.7626953125 0.162259615625 0.771484375 0.1473858171875 0.7509765625 0.127103365625 0.7236328125 0.11358173125
0 0.71484375 0.20688100937499998 0.712890625 0.2231069703125 0.7177734375 0.2298677875 0.7451171875 0.2406850953125 0.755859375 0.2393329328125 0.759765625 0.2176983171875 0.7548828125 0.2109375 0.7275390625 0.2028245203125 0.71484375 0.20688100937499998
0 0.8232421875 0.2406850953125 0.802734375 0.2447415859375 0.8056640625 0.267728365625 0.8271484375 0.2785456734375 0.8359375 0.277193509375 0.8408203125 0.267728365625 0.8515625 0.263671875 0.8466796875 0.25420673125 0.8232421875 0.2406850953125
0 0.404296875 0.093299278125 0.3984375 0.11493389375 0.3984375 0.1257512015625 0.40625 0.12845552968750001 0.41796875 0.11222956718749999 0.416015625 0.093299278125 0.4111328125 0.0892427875 0.404296875 0.093299278125
1 0.8134765625 0.3380408640625 0.8056640625 0.3407451921875 0.7900390625 0.3650841359375 0.7802734375 0.3677884609375 0.767578125 0.39618389375 0.7724609375 0.400240384375 0.7841796875 0.3894230765625 0.7958984375 0.3894230765625 0.806640625 0.404296875 0.83203125 0.382662259375 0.83203125 0.374549278125 0.822265625 0.369140625 0.8134765625 0.3380408640625
0 0.9267578125 0.12169471093749999 0.9306640625 0.12169471093749999 0.931640625 0.1203425484375 0.931640625 0.11763822187499999 0.9287109375 0.11358173125 0.9267578125 0.11358173125 0.9248046875 0.11087740312500001 0.9208984375 0.11087740312500001 0.9189453125 0.1081730765625 0.9150390625 0.1081730765625 0.9130859375 0.10546875 0.9013671875 0.10546875 0.8984375 0.10952524062499999 0.8984375 0.11763822187499999 0.9033203125 0.12439903906250001 0.9052734375 0.12439903906250001 0.90625 0.1257512015625 0.90625 0.1311598546875 0.9072265625 0.13251201875000002 0.908203125 0.1311598546875 0.908203125 0.12845552968750001 0.9111328125 0.12439903906250001 0.9248046875 0.12439903906250001 0.9267578125 0.12169471093749999
0 0.9345703125 0.08653846093749999 0.9326171875 0.0838341359375 0.9287109375 0.0838341359375 0.9267578125 0.0811298078125 0.9248046875 0.0811298078125 0.9208984375 0.075721153125 0.9169921875 0.075721153125 0.9150390625 0.073016828125 0.9091796875 0.073016828125 0.908203125 0.07436899062499999 0.908203125 0.0770733171875 0.90625 0.0797776453125 0.90625 0.0824819703125 0.9091796875 0.08653846093749999 0.9111328125 0.08653846093749999 0.9130859375 0.0892427875 0.9189453125 0.0892427875 0.9208984375 0.09194711562499999 0.9228515625 0.09194711562499999 0.9248046875 0.09465144375 0.9287109375 0.09465144375 0.9306640625 0.09735576875 0.9365234375 0.09735576875 0.9375 0.09600360625 0.939453125 0.093299278125 0.939453125 0.0905949515625 0.9365234375 0.08653846093749999 0.9345703125 0.08653846093749999
0 0.462890625 0.6909555296875001 0.462890625 0.7098858171875 0.470703125 0.7125901453125 0.48828125 0.685546875 0.4853515625 0.673377403125 0.4736328125 0.67608173125 0.462890625 0.6909555296875001
0 0.26953125 0.29341947031250004 0.26953125 0.312349759375 0.2734375 0.32587139375 0.28515625 0.33939302968749996 0.291015625 0.32587139375 0.291015625 0.2880108171875 0.2763671875 0.28125 0.26953125 0.29341947031250004
0 0.55859375 0.33939302968749996 0.5673828125 0.354266828125 0.587890625 0.35291466250000003 0.591796875 0.3096454328125 0.5830078125 0.302884615625 0.560546875 0.32587139375 0.55859375 0.33939302968749996
0 0.8701171875 0.23257211562500002 0.87890625 0.233924278125 0.890625 0.22581129843749997 0.8896484375 0.2028245203125 0.86328125 0.2176983171875 0.8701171875 0.23257211562500002
0 0.3642578125 0.3975360578125 0.357421875 0.41511418281249995 0.359375 0.4367487984375 0.3818359375 0.46514423125000004 0.390625 0.46379206718750005 0.392578125 0.4421574515625 0.380859375 0.425931490625 0.37890625 0.4015925484375 0.3642578125 0.3975360578125
0 0.572265625 0.0202824515625 0.5703125 0.031099759375 0.5751953125 0.0378605765625 0.5927734375 0.04597355625 0.60546875 0.04462139375 0.607421875 0.0365084140625 0.6005859375 0.02704326875 0.5849609375 0.0162259609375 0.572265625 0.0202824515625
0 0.845703125 0.452974759375 0.845703125 0.44486177812500005 0.8369140625 0.435396634375 0.806640625 0.46649639374999996 0.8134765625 0.48137019218750005 0.8310546875 0.4921875 0.86328125 0.49353966250000003 0.86328125 0.4773137015625 0.841796875 0.46379206718750005 0.83984375 0.4556790859375 0.845703125 0.452974759375
0 0.9296875 0.0365084140625 0.92578125 0.0581430296875 0.9384765625 0.067608171875 0.9453125 0.06625600937500001 0.94921875 0.039212740625 0.947265625 0.0283954328125 0.9404296875 0.0243389421875 0.9296875 0.0365084140625