0 0.298828125 0.7125901453125 0.3046875 0.7639723546875 0.3203125 0.7747896625 0.318359375 0.7856069703124999 0.322265625 0.7937199515625 0.3447265625 0.8248197109375001 0.3740234375 0.8464543265625 0.3876953125 0.87079326875 0.400390625 0.8721454328125 0.40625 0.8640324515625 0.40625 0.8505108171875 0.396484375 0.8072415859375001 0.38671875 0.7856069703124999 0.380859375 0.720703125 0.3369140625 0.6841947109375 0.3037109375 0.689603365625 0.298828125 0.7125901453125
0 0.1962890625 0.4245793265625 0.2060546875 0.4408052890625 0.2109375 0.439453125 0.216796875 0.42863581718750005 0.216796875 0.4097055296875 0.2021484375 0.392127403125 0.1865234375 0.3894230765625 0.1826171875 0.37860576875 0.171875 0.4015925484375 0.173828125 0.4070012015625 0.1962890625 0.4245793265625
0 0.6279296875 0.697716346875 0.611328125 0.720703125 0.6162109375 0.73016826875 0.62890625 0.72881610625 0.6572265625 0.708533653125 0.6689453125 0.703125 0.6787109375 0.7058293265625 0.68359375 0.7017728375 0.68359375 0.6936598546875 0.6630859375 0.6787860578125 0.6494140625 0.681490384375 0.6279296875 0.697716346875
0 0.6884765625 0.770733171875 0.71875 0.7720853375 0.7265625 0.7612680296875001 0.7265625 0.74774639375 0.736328125 0.72881610625 0.7353515625 0.7193509609375 0.6943359375 0.7193509609375 0.681640625 0.734224759375 0.6796875 0.750450721875 0.6884765625 0.770733171875
0 0.408203125 0.24203725937499998 0.3955078125 0.23527644374999998 0.38671875 0.2663762015625 0.3974609375 0.275841346875 0.40625 0.2744891828125 0.41015625 0.2717848546875 0.408203125 0.24203725937499998
0 0.3837890625 0.6625600953124999 0.3994140625 0.6652644234375 0.4150390625 0.689603365625 0.43359375 0.6909555296875001 0.439453125 0.67743389375 0.4375 0.655799278125 0.4248046875 0.635516828125 0.4072265625 0.6328125 0.3837890625 0.6192908640625 0.375 0.6260516828125 0.375 0.6395733171875 0.3837890625 0.6625600953124999
0 0.859375 0.5476262015625 0.861328125 0.531400240625 0.857421875 0.5124699515625 0.8466796875 0.5003004796875 0.8349609375 0.49759615312500005 0.828125 0.5124699515625 0.83203125 0.5341045671875 0.8427734375 0.5462740390625 0.859375 0.5476262015625
0 0.58203125 0.22581129843749997 0.583984375 0.2474459140625 0.603515625 0.250150240625 0.603515625 0.2122896625 0.5888671875 0.2109375 0.58203125 0.22581129843749997
0 0.275390625 0.5638521625 0.2685546875 0.55438701875 0.2568359375 0.5516826921875 0.25 0.558443509375 0.25 0.5692608171875 0.2548828125 0.576021634375 0.271484375 0.5773737984375 0.275390625 0.5638521625
0 0.515625 0.328575721875 0.5244140625 0.348858171875 0.54296875 0.35291466250000003 0.546875 0.35021033749999997 0.5458984375 0.32722355625 0.515625 0.328575721875
0 0 0.3096454328125 0.0009765625 0.3191105765625 0.0234375 0.333984375 0.0234375 0.3231670671875 0.0146484375 0.30829326875 0 0.3096454328125
0 0.80859375 0.158203125 0.8115234375 0.14873798124999998 0.82421875 0.1419771625 0.8212890625 0.135216346875 0.8095703125 0.1379206734375 0.7958984375 0.13251201875000002 0.78515625 0.1500901453125 0.7939453125 0.1595552890625 0.80859375 0.158203125
0 0.310546875 0.2393329328125 0.3154296875 0.251502403125 0.322265625 0.250150240625 0.326171875 0.2447415859375 0.3232421875 0.23527644374999998 0.310546875 0.2393329328125
0 0.533203125 0.047325721875 0.5400390625 0.064903846875 0.548828125 0.0635516828125 0.552734375 0.055438701562500005 0.5478515625 0.048677884375 0.533203125 0.047325721875
0 0.169921875 0.7585637015625 0.177734375 0.7450420671875 0.1796875 0.7152944703124999 0.1708984375 0.703125 0.1533203125 0.7004206734375 0.146484375 0.7125901453125 0.1484375 0.726111778125 0.158203125 0.755859375 0.169921875 0.7585637015625