0 0.3603515625 0.697716346875 0.365234375 0.6963641828125 0.375 0.6747295671875 0.369140625 0.6206430296875001 0.3583984375 0.6003605765625 0.3505859375 0.59765625 0.33984375 0.60712139375 0.34765625 0.6341646625 0.34765625 0.67743389375 0.3603515625 0.697716346875
0 0.4697265625 0.140625 0.4580078125 0.140625 0.453125 0.1473858171875 0.455078125 0.1690204328125 0.462890625 0.171724759375 0.474609375 0.1473858171875 0.4697265625 0.140625
0 0.505859375 0.1473858171875 0.4990234375 0.1379206734375 0.47265625 0.1825420671875 0.4755859375 0.1920072125 0.4921875 0.1960637015625 0.5078125 0.1609074515625 0.505859375 0.1473858171875
0 0.1337890625 0.24338942343749997 0.1083984375 0.24879807656250003 0.103515625 0.26908052968749996 0.10546875 0.2880108171875 0.1123046875 0.294771634375 0.1259765625 0.294771634375 0.1318359375 0.310997596875 0.142578125 0.3096454328125 0.15234375 0.3015324515625 0.1533203125 0.286658653125 0.1708984375 0.286658653125 0.171875 0.27989783749999997 0.1650390625 0.2704326921875 0.1494140625 0.2704326921875 0.14453125 0.25555889375 0.1337890625 0.24338942343749997
0 0.2529296875 0.3380408640625 0.275390625 0.3366887015625 0.283203125 0.333984375 0.28515625 0.320462740625 0.28125 0.30694110625 0.2587890625 0.28936298125 0.2509765625 0.2920673078125 0.244140625 0.30694110625 0.248046875 0.3312800484375 0.2529296875 0.3380408640625
0 0.291015625 0.3015324515625 0.3056640625 0.32451923125 0.314453125 0.32587139375 0.31640625 0.298828125 0.2958984375 0.28936298125 0.291015625 0.3015324515625
0 0.1669921875 0.346153846875 0.1435546875 0.3434495203125 0.138671875 0.35021033749999997 0.1416015625 0.3623798078125 0.15625 0.3664362984375 0.16796875 0.3610276453125 0.1669921875 0.346153846875
0 0.2236328125 0.71123798125 0.236328125 0.7125901453125 0.23828125 0.699068509375 0.23046875 0.67743389375 0.23046875 0.6530949515625 0.2265625 0.6395733171875 0.2177734375 0.635516828125 0.20703125 0.6449819703124999 0.212890625 0.6936598546875 0.2236328125 0.71123798125
0 0 0.1744290859375 0.00390625 0.1744290859375 0.033203125 0.1609074515625 0.03515625 0.144681490625 0.0244140625 0.127103365625 0.0107421875 0.135216346875 0 0.1500901453125 0 0.1744290859375
0 0.560546875 0.6260516828125 0.568359375 0.609825721875 0.5654296875 0.6003605765625 0.55078125 0.609825721875 0.560546875 0.6260516828125
0 0.591796875 0.65850360625 0.58984375 0.636868990625 0.5966796875 0.638221153125 0.59765625 0.6260516828125 0.5869140625 0.60576923125 0.578125 0.6206430296875001 0.572265625 0.6449819703124999 0.5830078125 0.65715144375 0.591796875 0.65850360625
0 0.064453125 0.9127103375000001 0.0810546875 0.908653846875 0.091796875 0.891075721875 0.091796875 0.8829627406249999 0.0751953125 0.8653846156249999 0.0654296875 0.8680889421875 0.046875 0.9018930296875001 0.0478515625 0.911358171875 0.064453125 0.9127103375000001
0 0.283203125 0.8478064906249999 0.29296875 0.8505108171875 0.3076171875 0.8329326921875 0.3271484375 0.8248197109375001 0.33203125 0.8153545671875 0.3193359375 0.80048076875 0.3056640625 0.80048076875 0.2763671875 0.81670673125 0.2734375 0.826171875 0.283203125 0.8478064906249999
0 0.8759765625 0.373197115625 0.8671875 0.382662259375 0.8671875 0.39618389375 0.8720703125 0.4056490390625 0.8828125 0.4070012015625 0.890625 0.39618389375 0.8759765625 0.373197115625
0 0.7021484375 0.9465144234375 0.693359375 0.95868389375 0.69140625 0.9803185093750001 0.6962890625 0.9951923078125 0.708984375 0.9938401453125 0.71875 0.961388221875 0.7021484375 0.9465144234375
0 0.216796875 0.636868990625 0.224609375 0.6125300484375 0.216796875 0.580078125 0.2001953125 0.576021634375 0.1923828125 0.584134615625 0.1748046875 0.5787259609375 0.1513671875 0.5814302890625 0.1533203125 0.592247596875 0.177734375 0.6125300484375 0.181640625 0.6395733171875 0.1904296875 0.6517427875 0.208984375 0.65850360625 0.21484375 0.6963641828125 0.2255859375 0.71123798125 0.234375 0.7098858171875 0.2333984375 0.703125 0.2294921875 0.7058293265625 0.224609375 0.699068509375 0.232421875 0.6963641828125 0.232421875 0.685546875 0.228515625 0.6828425484375 0.224609375 0.6422776453125 0.216796875 0.636868990625
0 0.4384765625 0.44621394218750005 0.4287109375 0.44621394218750005 0.423828125 0.461087740625 0.4326171875 0.470552884375 0.4375 0.46920072187499995 0.443359375 0.452974759375 0.4384765625 0.44621394218750005
0 0.3818359375 0.23257211562500002 0.3720703125 0.23527644374999998 0.361328125 0.2474459140625 0.3681640625 0.2623197109375 0.376953125 0.263671875 0.384765625 0.2474459140625 0.3818359375 0.23257211562500002
0 0.046875 0.8451021624999999 0.0263671875 0.83563701875 0.0234375 0.8451021624999999 0.02734375 0.8559194703124999 0.041015625 0.866736778125 0.046875 0.8586237984375 0.046875 0.8451021624999999
0 0.4443359375 0.0784254796875 0.4365234375 0.0784254796875 0.431640625 0.10141225937500001 0.4365234375 0.1081730765625 0.4453125 0.10682091406250001 0.44921875 0.087890625 0.4443359375 0.0784254796875