1 0.48417853906249997 0.873037390625 0.466117359375 0.8105179234375001 0.4591707515625 0.7585786734375 0.456392109375 0.6950973671875 0.421659071875 0.673936934375 0.41540712500000004 0.6950973671875 0.41540712500000004 0.714334128125 0.404292553125 0.726838021875 0.38345273125 0.7210669937499999 0.33760512187499997 0.702792071875 0.2813376015625 0.7470366187499999 0.2577191359375 0.8239836531250001 0.28411624375 0.8970833390624999 0.321627925 0.9461370734375001 0.36400222968749996 0.9692211859375 0.36886485625 0.9807632421875001 0.3445517296875 0.9701830234375001 0.3514983359375 0.9923052968749999 0.3702541765625 1 0.434162965625 0.9980763250000001 0.48417853906249997 0.97595405 0.48348387812500004 0.9422897234375001 0.46194939531249996 0.9365186953125001 0.4348576265625 0.94806075 0.4174911078125 0.9567172921875 0.4063765359375 0.9538317781250001 0.45083482343750003 0.926900315625 0.48417853906249997 0.873037390625
1 0.425132375 0.5575545421875 0.3973459453125 0.5854478421875 0.3660862125 0.60083725 0.3667808734375 0.621035846875 0.3758114640625 0.6527764984375 0.3952619640625 0.6748987703125 0.41610178593749997 0.6806697984375 0.43763626875000006 0.6575856875 0.4501401625 0.6296923875 0.45152948437499996 0.55274535 0.425132375 0.5575545421875
1 0.5664521421875001 0.468247740625 0.5570737953125 0.4305900703125 0.5612940515625 0.39163386093749997 0.595993934375 0.3637152453125 0.5819264140625 0.339042978125 0.552384621875 0.3143707140625 0.5434751921875 0.3293039265625 0.5383171015625 0.364364515625 0.5322211765625 0.4026714546875 0.5144023171875001 0.4137090484375 0.47454434375 0.42604517968750005 0.45156739375 0.45201598593750003 0.4389066265625 0.48902438593750003 0.44500255156249996 0.5136966515625 0.473606509375 0.5455108890625 0.5219049953125 0.564339725 0.5397238546875001 0.5610933734375 0.5622318859375001 0.5156444609374999 0.5664521421875001 0.468247740625
0 0.32219890625000003 0.3411658375 0.34545037343749996 0.3612872984375 0.362888975 0.36416179375 0.3720234796875 0.3480646234375 0.39942699375 0.3083965984375 0.406070271875 0.2710281671875 0.3894620796875 0.26815367343749996 0.3674562265625 0.29517392343750004 0.344204759375 0.2986233171875 0.3209532921875 0.2888500359375 0.3155556296875 0.27620225781249996 0.3359006640625 0.2629795828125 0.332579025 0.2514816046875 0.30517550937500004 0.2606799875 0.29604100624999996 0.267578775 0.279017609375 0.294024125 0.2810936328125 0.32564356562499996 0.3101579671875 0.34059093906250004 0.32219890625000003 0.3411658375
0 0.20235674375 0.7275430140625 0.1753758453125 0.7256106953125 0.156768328125 0.734628184375 0.16421133593749998 0.7539513734375001 0.176306221875 0.777783309375 0.198170053125 0.7829361593749999 0.21073012812499997 0.7797156281250001 0.2200338859375 0.75137495 0.20235674375 0.7275430140625
1 0.025390625 0.7065805296875001 0.0380859375 0.7295673078125 0.0810546875 0.7512019234375 0.1044921875 0.7701322125 0.1357421875 0.8106971156249999 0.1513671875 0.81610576875 0.154296875 0.8093449515625 0.150390625 0.7904146625 0.119140625 0.687650240625 0.107421875 0.6551983171875 0.0859375 0.6335637015625 0.0751953125 0.6322115390625 0.0634765625 0.6403245203125 0.025390625 0.7065805296875001
1 0 0.3117487984375 0.0322265625 0.3076923078125 0.04296875 0.279296875 0.0390625 0.257662259375 0.0224609375 0.2265625 0.00390625 0.2198016828125 0 0.2198016828125 0 0.3117487984375
0 0.5302734375 0.9378004796875 0.5419921875 0.9459134609375001 0.55078125 0.9256310093750001 0.55078125 0.8796574515625 0.5361328125 0.853966346875 0.5234375 0.8472055296875001 0.513671875 0.8580228375000001 0.51953125 0.9202223546875 0.5302734375 0.9378004796875
1 1 0.6335637015625 0.9921875 0.630859375 0.9775390625 0.6322115390625 0.97265625 0.644381009375 0.970703125 0.6849459140625 0.95703125 0.695763221875 0.95703125 0.741736778125 0.9443359375 0.7512019234375 0.9248046875 0.75390625 0.9150390625 0.7701322125 0.90234375 0.7795973546875 0.8984375 0.8039362984375 0.9091796875 0.829627403125 0.9267578125 0.8350360578125 0.94140625 0.8228665859375001 0.9482421875 0.8052884609375001 0.9716796875 0.829627403125 1 0.8255709140624999 1 0.6335637015625
0 0.7093835984375 0.079817384375 0.719262209375 0.09007316875 0.7229667234375 0.09520115625 0.7328451984375 0.1071663015625 0.7365497125 0.11058492812500001 0.7476631171875 0.103747675 0.7501327015625 0.0969104234375 0.7513676296875 0.09007316875 0.7526024234375 0.07639875625 0.7513676296875 0.0678521453125 0.7451935328125 0.0575963578125 0.734080128125 0.045631214062499995 0.7328451984375 0.0405032265625 0.7229667234375 0.028538081250000003 0.7229667234375 0.025119453125000003 0.7204970015625001 0.016572935937499998 0.715557696875 0.013154309375000001 0.705679084375 0.013154309375000001 0.6945656796875 0.013154309375000001 0.6822174828125 0.025119453125000003 0.677278178125 0.035375334375 0.6748085921875 0.045631214062499995 0.6688039828125001 0.0401015 0.6809826906249999 0.059305624999999994 0.689626509375 0.0712707703125 0.7019747062499999 0.07639875625 0.7093835984375 0.079817384375
0 0.44019224062499995 0.4387720375 0.44142710156250003 0.4199696390625 0.43278334999999996 0.40287660000000003 0.43278334999999996 0.399457971875 0.41796543281250004 0.399457971875 0.410556540625 0.4097137578125 0.4080868890625 0.43364414375000004 0.38586007968749997 0.4609930609375 0.37474667500000003 0.47808614687500006 0.37598146718750003 0.49346991874999996 0.3796859140625 0.500307125 0.396973484375 0.5105630046875 0.406852028125 0.5174002109375 0.416730640625 0.513981584375 0.43031369843749995 0.5054350640624999 0.445131546875 0.47808614687500006 0.4438967546875 0.47295820781250003 0.44266189375 0.46441164218750003 0.44019224062499995 0.4387720375
1 0.6636951875 0.543039815625 0.685921996875 0.5259467765625 0.689626509375 0.5225281500000001 0.6970354015625 0.515690896875 0.7069140140625 0.50372575 0.7093835984375 0.5020164390625 0.7414890187500001 0.46953957968750004 0.7303756140625 0.44902786875 0.7143229046874999 0.454155809375 0.6933308874999999 0.4609930609375 0.6661647734375 0.47808614687500006 0.6501120640625 0.48321404062499995 0.63529428125 0.49005129218750004 0.6451728937500001 0.4678302671875 0.6538165765625 0.4592837484375 0.6550513687499999 0.4575744359375 0.6587558828125 0.45073718124999995 0.66492998125 0.43193478281250003 0.6587558828125 0.4148417453125 0.6365290734375 0.4148417453125 0.6204763640625 0.4302255171875 0.6081281671875 0.44902786875 0.6019540671875 0.4678302671875 0.5957799703125 0.48492335156250005 0.59207545625 0.5054350640624999 0.5982495546875 0.5174002109375 0.6010262046875 0.5185630390625 0.6056584453125 0.5293653546875 0.6217111562500001 0.54133055 0.642703171875 0.5481677546875 0.6636951875 0.543039815625
0 0.6760433859375 0.86268045 0.6760433859375 0.85071528125 0.6550513687499999 0.8490059921875 0.6315897671874999 0.8797735359375001 0.6310262046874999 0.9077938078125 0.6673997015625 0.886610765625 0.6748085921875 0.87122699375 0.6760433859375 0.86268045