1 0.48417853906249997 0.02404595 0.434162965625 0.0019236750000000001 0.3702541765625 0 0.3514983359375 0.007694703125000001 0.3445517296875 0.029816976562500003 0.36886485625 0.019236757812499998 0.36400222968749996 0.0307788140625 0.321627925 0.0538629265625 0.28411624375 0.1029166609375 0.2577191359375 0.176016346875 0.2813376015625 0.25296338125 0.33760512187499997 0.297207928125 0.38345273125 0.27893300625 0.404292553125 0.273161978125 0.41540712500000004 0.285665871875 0.41540712500000004 0.3049026328125 0.421659071875 0.326063065625 0.456392109375 0.3049026328125 0.4591707515625 0.24142132656249998 0.466117359375 0.1894820765625 0.48417853906249997 0.12696260937499998 0.45083482343750003 0.073099684375 0.4063765359375 0.046168221875 0.4174911078125 0.0432827078125 0.4348576265625 0.051939250000000006 0.46194939531249996 0.06348130468749999 0.48348387812500004 0.057710276562499996 0.48417853906249997 0.02404595
1 0.3667808734375 0.378964153125 0.3660862125 0.39916275 0.3973459453125 0.4145521578125 0.425132375 0.4424454578125 0.45152948437499996 0.44725465 0.4501401625 0.3703076125 0.43763626875000006 0.3424143125 0.41610178593749997 0.3193302015625 0.3952619640625 0.3251012296875 0.3758114640625 0.3472235015625 0.3667808734375 0.378964153125
1 0.45156739375 0.5479840140625 0.47454434375 0.5739548203125 0.5144023171875001 0.5862909515625 0.5322211765625 0.5973285453125 0.5383171015625 0.6356354843750001 0.5434751921875 0.6706960734375 0.552384621875 0.6856292859375 0.5819264140625 0.660957021875 0.595993934375 0.6362847546875 0.5612940515625 0.6083661390625 0.5570737953125 0.5694099296874999 0.5664521421875001 0.5317522593749999 0.5622318859375001 0.4843555390625 0.5397238546875001 0.4389066265625 0.5219049953125 0.43566027500000004 0.473606509375 0.45448911093750005 0.44500255156249996 0.4863033484375 0.4389066265625 0.5109756140624999 0.45156739375 0.5479840140625
0 0.3359006640625 0.7370204171875 0.3155556296875 0.7237977421874999 0.3209532921875 0.7111499640625001 0.344204759375 0.7013766828125 0.3674562265625 0.7048260765625 0.3894620796875 0.7318463265624999 0.406070271875 0.7289718328125 0.39942699375 0.6916034015625 0.3720234796875 0.6519353765625 0.362888975 0.63583820625 0.34545037343749996 0.6387127015625 0.32219890625000003 0.6588341625 0.3101579671875 0.6594090609375 0.2810936328125 0.674356434375 0.279017609375 0.705975875 0.29604100624999996 0.7324212250000001 0.30517550937500004 0.7393200125 0.332579025 0.7485183953125001 0.3359006640625 0.7370204171875
0 0.1753758453125 0.2743893046875 0.20235674375 0.2724569859375 0.2200338859375 0.24862505000000001 0.21073012812499997 0.220284371875 0.198170053125 0.217063840625 0.176306221875 0.222216690625 0.16421133593749998 0.2460486265625 0.156768328125 0.265371815625 0.1753758453125 0.2743893046875
1 0.154296875 0.1906550484375 0.1513671875 0.18389423124999998 0.1357421875 0.189302884375 0.1044921875 0.2298677875 0.0810546875 0.24879807656250003 0.0380859375 0.2704326921875 0.025390625 0.29341947031250004 0.0634765625 0.3596754796875 0.0751953125 0.3677884609375 0.0859375 0.3664362984375 0.107421875 0.3448016828125 0.119140625 0.312349759375 0.150390625 0.2095853375 0.154296875 0.1906550484375
1 0 0.7801983171875 0.00390625 0.7801983171875 0.0224609375 0.7734375 0.0390625 0.742337740625 0.04296875 0.720703125 0.0322265625 0.6923076921875 0 0.6882512015625 0 0.7801983171875
0 0.5419921875 0.05408653906250001 0.5302734375 0.0621995203125 0.51953125 0.0797776453125 0.513671875 0.1419771625 0.5234375 0.15279447031249999 0.5361328125 0.146033653125 0.55078125 0.1203425484375 0.55078125 0.07436899062499999 0.5419921875 0.05408653906250001
1 1 0.1744290859375 0.9716796875 0.170372596875 0.9482421875 0.1947115390625 0.94140625 0.1771334140625 0.9267578125 0.1649639421875 0.9091796875 0.170372596875 0.8984375 0.1960637015625 0.90234375 0.2204026453125 0.9150390625 0.2298677875 0.9248046875 0.24609375 0.9443359375 0.24879807656250003 0.95703125 0.258263221875 0.95703125 0.304236778125 0.970703125 0.3150540859375 0.97265625 0.355618990625 0.9775390625 0.3677884609375 0.9921875 0.369140625 1 0.3664362984375 1 0.1744290859375
0 0.6822174828125 0.9748805468749999 0.6945656796875 0.9868456906249999 0.705679084375 0.9868456906249999 0.715557696875 0.9868456906249999 0.7204970015625001 0.9834270640625 0.7229667234375 0.9748805468749999 0.7229667234375 0.97146191875 0.7328451984375 0.9594967734375001 0.734080128125 0.9543687859375 0.7451935328125 0.9424036421875 0.7513676296875 0.9321478546874999 0.7526024234375 0.92360124375 0.7513676296875 0.90992683125 0.7501327015625 0.9030895765625001 0.7476631171875 0.8962523250000001 0.7365497125 0.889415071875 0.7328451984375 0.8928336984374999 0.7229667234375 0.9047988437500001 0.719262209375 0.90992683125 0.7093835984375 0.920182615625 0.7019747062499999 0.92360124375 0.689626509375 0.9287292296875 0.6809826906249999 0.940694375 0.6688039828125001 0.9598985000000001 0.6748085921875 0.9543687859375 0.677278178125 0.9646246656249999 0.6822174828125 0.9748805468749999
0 0.396973484375 0.48943699531249996 0.3796859140625 0.49969287500000004 0.37598146718750003 0.50653008125 0.37474667500000003 0.5219138531249999 0.38586007968749997 0.5390069390625001 0.4080868890625 0.56635585625 0.410556540625 0.5902862421874999 0.41796543281250004 0.600542028125 0.43278334999999996 0.600542028125 0.43278334999999996 0.5971234 0.44142710156250003 0.5800303609374999 0.44019224062499995 0.5612279625000001 0.44266189375 0.5355883578125 0.4438967546875 0.5270417921874999 0.445131546875 0.5219138531249999 0.43031369843749995 0.49456493593750006 0.416730640625 0.486018415625 0.406852028125 0.48259978906249995 0.396973484375 0.48943699531249996
1 0.5957799703125 0.5150766484375 0.6019540671875 0.5321697328125 0.6081281671875 0.55097213125 0.6204763640625 0.5697744828125 0.6365290734375 0.5851582546875 0.6587558828125 0.5851582546875 0.66492998125 0.5680652171875 0.6587558828125 0.54926281875 0.6550513687499999 0.5424255640625 0.6538165765625 0.5407162515625 0.6451728937500001 0.5321697328125 0.63529428125 0.5099487078125 0.6501120640625 0.516785959375 0.6661647734375 0.5219138531249999 0.6933308874999999 0.5390069390625001 0.7143229046874999 0.545844190625 0.7303756140625 0.55097213125 0.7414890187500001 0.5304604203125 0.7093835984375 0.49798356093749996 0.7069140140625 0.49627425000000003 0.6970354015625 0.48430910312500003 0.689626509375 0.47747185 0.685921996875 0.4740532234375 0.6636951875 0.456960184375 0.642703171875 0.4518322453125 0.6217111562500001 0.45866945000000003 0.6056584453125 0.4706346453125 0.6010262046875 0.48143696093750005 0.5982495546875 0.48259978906249995 0.59207545625 0.49456493593750006 0.5957799703125 0.5150766484375
0 0.6760433859375 0.13731955 0.6748085921875 0.12877300625000002 0.6673997015625 0.113389234375 0.6310262046874999 0.09220619218750001 0.6315897671874999 0.1202264640625 0.6550513687499999 0.1509940078125 0.6760433859375 0.14928471875 0.6760433859375 0.13731955