0 0.6396484375 0.697716346875 0.65234375 0.67743389375 0.65234375 0.6341646625 0.66015625 0.60712139375 0.6494140625 0.59765625 0.6416015625 0.6003605765625 0.630859375 0.6206430296875001 0.625 0.6747295671875 0.634765625 0.6963641828125 0.6396484375 0.697716346875
0 0.544921875 0.1690204328125 0.546875 0.1473858171875 0.5419921875 0.140625 0.5302734375 0.140625 0.525390625 0.1473858171875 0.537109375 0.171724759375 0.544921875 0.1690204328125
0 0.5244140625 0.1920072125 0.52734375 0.1825420671875 0.5009765625 0.1379206734375 0.494140625 0.1473858171875 0.4921875 0.1609074515625 0.5078125 0.1960637015625 0.5244140625 0.1920072125
0 0.8681640625 0.310997596875 0.8740234375 0.294771634375 0.8876953125 0.294771634375 0.89453125 0.2880108171875 0.896484375 0.26908052968749996 0.8916015625 0.24879807656250003 0.8662109375 0.24338942343749997 0.85546875 0.25555889375 0.8505859375 0.2704326921875 0.8349609375 0.2704326921875 0.828125 0.27989783749999997 0.8291015625 0.286658653125 0.8466796875 0.286658653125 0.84765625 0.3015324515625 0.857421875 0.3096454328125 0.8681640625 0.310997596875
0 0.7470703125 0.3380408640625 0.751953125 0.3312800484375 0.755859375 0.30694110625 0.7490234375 0.2920673078125 0.7412109375 0.28936298125 0.71875 0.30694110625 0.71484375 0.320462740625 0.716796875 0.333984375 0.724609375 0.3366887015625 0.7470703125 0.3380408640625
0 0.6943359375 0.32451923125 0.708984375 0.3015324515625 0.7041015625 0.28936298125 0.68359375 0.298828125 0.685546875 0.32587139375 0.6943359375 0.32451923125
0 0.8583984375 0.3623798078125 0.861328125 0.35021033749999997 0.8564453125 0.3434495203125 0.8330078125 0.346153846875 0.83203125 0.3610276453125 0.84375 0.3664362984375 0.8583984375 0.3623798078125
0 0.7763671875 0.71123798125 0.787109375 0.6936598546875 0.79296875 0.6449819703124999 0.7822265625 0.635516828125 0.7734375 0.6395733171875 0.76953125 0.6530949515625 0.76953125 0.67743389375 0.76171875 0.699068509375 0.763671875 0.7125901453125 0.7763671875 0.71123798125
0 1 0.1500901453125 0.9892578125 0.135216346875 0.9755859375 0.127103365625 0.96484375 0.144681490625 0.966796875 0.1609074515625 0.99609375 0.1744290859375 1 0.1744290859375 1 0.1500901453125
0 0.44921875 0.609825721875 0.4345703125 0.6003605765625 0.431640625 0.609825721875 0.439453125 0.6260516828125 0.44921875 0.609825721875
0 0.4169921875 0.65715144375 0.427734375 0.6449819703124999 0.421875 0.6206430296875001 0.4130859375 0.60576923125 0.40234375 0.6260516828125 0.4033203125 0.638221153125 0.41015625 0.636868990625 0.408203125 0.65850360625 0.4169921875 0.65715144375
0 0.9521484375 0.911358171875 0.953125 0.9018930296875001 0.9345703125 0.8680889421875 0.9248046875 0.8653846156249999 0.908203125 0.8829627406249999 0.908203125 0.891075721875 0.9189453125 0.908653846875 0.935546875 0.9127103375000001 0.9521484375 0.911358171875
0 0.716796875 0.8478064906249999 0.7265625 0.826171875 0.7236328125 0.81670673125 0.6943359375 0.80048076875 0.6806640625 0.80048076875 0.66796875 0.8153545671875 0.6728515625 0.8248197109375001 0.6923828125 0.8329326921875 0.70703125 0.8505108171875 0.716796875 0.8478064906249999
0 0.1279296875 0.4056490390625 0.1328125 0.39618389375 0.1328125 0.382662259375 0.1240234375 0.373197115625 0.109375 0.39618389375 0.1171875 0.4070012015625 0.1279296875 0.4056490390625
0 0.3037109375 0.9951923078125 0.30859375 0.9803185093750001 0.306640625 0.95868389375 0.2978515625 0.9465144234375 0.28125 0.961388221875 0.291015625 0.9938401453125 0.3037109375 0.9951923078125
0 0.7744140625 0.71123798125 0.78515625 0.6963641828125 0.791015625 0.65850360625 0.8095703125 0.6517427875 0.818359375 0.6395733171875 0.822265625 0.6125300484375 0.8466796875 0.592247596875 0.8486328125 0.5814302890625 0.8251953125 0.5787259609375 0.8076171875 0.584134615625 0.7998046875 0.576021634375 0.783203125 0.580078125 0.775390625 0.6125300484375 0.783203125 0.636868990625 0.775390625 0.6422776453125 0.771484375 0.6828425484375 0.767578125 0.685546875 0.767578125 0.6963641828125 0.775390625 0.699068509375 0.7705078125 0.7058293265625 0.7666015625 0.703125 0.765625 0.7098858171875 0.7744140625 0.71123798125
0 0.5673828125 0.470552884375 0.576171875 0.461087740625 0.5712890625 0.44621394218750005 0.5615234375 0.44621394218750005 0.556640625 0.452974759375 0.5625 0.46920072187499995 0.5673828125 0.470552884375
0 0.6318359375 0.2623197109375 0.638671875 0.2474459140625 0.6279296875 0.23527644374999998 0.6181640625 0.23257211562500002 0.615234375 0.2474459140625 0.623046875 0.263671875 0.6318359375 0.2623197109375
0 0.97265625 0.8559194703124999 0.9765625 0.8451021624999999 0.9736328125 0.83563701875 0.953125 0.8451021624999999 0.953125 0.8586237984375 0.958984375 0.866736778125 0.97265625 0.8559194703124999
0 0.5634765625 0.1081730765625 0.568359375 0.10141225937500001 0.5634765625 0.0784254796875 0.5556640625 0.0784254796875 0.55078125 0.087890625 0.5546875 0.10682091406250001 0.5634765625 0.1081730765625