0 0.455078125 0.3880709140625 0.453125 0.374549278125 0.44140625 0.3610276453125 0.44140625 0.347506009375 0.453125 0.333984375 0.44921875 0.2609675484375 0.4443359375 0.24609375 0.43359375 0.2880108171875 0.416015625 0.32587139375 0.416015625 0.3448016828125 0.421875 0.355618990625 0.416015625 0.37725360625 0.44140625 0.390775240625 0.455078125 0.3880709140625
0 0.4658203125 0.2839543265625 0.4755859375 0.27313701875 0.4873046875 0.27313701875 0.5078125 0.24203725937499998 0.5029296875 0.2217548078125 0.4677734375 0.2217548078125 0.462890625 0.2122896625 0.46484375 0.1771334140625 0.478515625 0.1500901453125 0.478515625 0.1311598546875 0.4716796875 0.11358173125 0.462890625 0.123046875 0.453125 0.158203125 0.4609375 0.28260216250000003 0.4658203125 0.2839543265625
0 0.7509765625 0.99248798125 0.7783203125 0.97626201875 0.7890625 0.9505709140624999 0.7890625 0.9343449515625 0.7705078125 0.9329927874999999 0.7529296875 0.94110576875 0.728515625 0.9884314906249999 0.734375 0.9938401453125 0.7509765625 0.99248798125
0 0.8447265625 0.911358171875 0.8544921875 0.9059495203125 0.853515625 0.8991887015625 0.857421875 0.896484375 0.8408203125 0.8762019234375 0.8232421875 0.8680889421875 0.7998046875 0.8816105765625 0.783203125 0.9045973546875 0.783203125 0.9127103375000001 0.8447265625 0.911358171875
0 0.8935546875 0.8762019234375 0.908203125 0.8505108171875 0.912109375 0.8315805296875001 0.9052734375 0.8194110578125 0.8818359375 0.8275240390624999 0.845703125 0.8505108171875 0.845703125 0.8586237984375 0.8525390625 0.8653846156249999 0.884765625 0.8775540859375001 0.8935546875 0.8762019234375
0 0.9580078125 0.5435697109375 0.974609375 0.51787860625 0.9697265625 0.5111177875 0.9423828125 0.51652644375 0.9375 0.5286959140625 0.951171875 0.5422175484375 0.9580078125 0.5435697109375
0 0.13671875 0.5719651453125 0.13671875 0.558443509375 0.1279296875 0.5381610578125 0.1181640625 0.5381610578125 0.11328125 0.5476262015625 0.119140625 0.5746694703124999 0.13671875 0.5719651453125
0 0.0283203125 0.49759615312500005 0.03125 0.488131009375 0.0185546875 0.4759615390625 0.0009765625 0.47325721249999997 0 0.49353966250000003 0.01171875 0.49894831718750005 0.0283203125 0.49759615312500005
0 0.3896484375 0.4597355765625 0.40234375 0.452974759375 0.40625 0.42322716250000003 0.4013671875 0.41646634687499995 0.3916015625 0.41646634687499995 0.384765625 0.425931490625 0.373046875 0.45027043281249995 0.376953125 0.4583834140625 0.3896484375 0.4597355765625
0 0.611328125 0.5530348546875 0.609375 0.53680889375 0.6025390625 0.52734375 0.583984375 0.5341045671875 0.591796875 0.5557391828125 0.611328125 0.5530348546875
0 0.5771484375 0.46514423125000004 0.583984375 0.45027043281249995 0.5732421875 0.44621394218750005 0.5576171875 0.45703125 0.55078125 0.474609375 0.5771484375 0.46514423125000004
0 0.619140625 0.3583233171875 0.6181640625 0.3407451921875 0.609375 0.3420973546875 0.609375 0.3610276453125 0.619140625 0.3583233171875
0 0.7060546875 0.443509615625 0.7109375 0.4313401453125 0.7060546875 0.4245793265625 0.6962890625 0.42728365312500005 0.69140625 0.4367487984375 0.693359375 0.44486177812500005 0.7060546875 0.443509615625
0 0.6142578125 0.2028245203125 0.6259765625 0.20823317187499998 0.634765625 0.1960637015625 0.6005859375 0.189302884375 0.59765625 0.19876802968750001 0.6015625 0.20688100937499998 0.6142578125 0.2028245203125
0 0.3330078125 0.1433293265625 0.333984375 0.136568509375 0.33203125 0.123046875 0.3212890625 0.11628605781250001 0.318359375 0.123046875 0.32421875 0.144681490625 0.3330078125 0.1433293265625
0 0.2822265625 0.18118990468750001 0.283203125 0.16631610624999998 0.2724609375 0.162259615625 0.271484375 0.179837740625 0.2822265625 0.18118990468750001
0 0.2822265625 0.13251201875000002 0.28515625 0.1203425484375 0.2783203125 0.11358173125 0.2724609375 0.11628605781250001 0.26171875 0.12845552968750001 0.265625 0.1338641828125 0.2822265625 0.13251201875000002
0 0.138671875 0.1392728375 0.1357421875 0.127103365625 0.126953125 0.1311598546875 0.126953125 0.1419771625 0.130859375 0.144681490625 0.138671875 0.1392728375
0 0.6240234375 0.1649639421875 0.634765625 0.1500901453125 0.6357421875 0.13251201875000002 0.6123046875 0.13251201875000002 0.607421875 0.1392728375 0.607421875 0.158203125 0.61328125 0.16631610624999998 0.6240234375 0.1649639421875
0 0.66796875 0.07436899062499999 0.673828125 0.0635516828125 0.6728515625 0.05408653906250001 0.6513671875 0.0513822125 0.638671875 0.0635516828125 0.642578125 0.06625600937500001 0.63671875 0.0770733171875 0.638671875 0.0905949515625 0.6484375 0.0987079328125 0.66796875 0.07436899062499999
0 0.2861328125 0.048677884375 0.291015625 0.039212740625 0.2841796875 0.021634615625 0.275390625 0.02569110625 0.275390625 0.041917067187500004 0.279296875 0.047325721875 0.2861328125 0.048677884375
0 0.283203125 0.017578125 0.2841796875 0 0.25390625 0.0013521625 0.2587890625 0.0108173078125 0.275390625 0.0202824515625 0.283203125 0.017578125
0 0.6376953125 0 0.63671875 0.0283954328125 0.6484375 0.031099759375 0.66015625 0.02569110625 0.66015625 0.0067608171875 0.6572265625 0 0.6376953125 0
0 0.6552734375 0.029747596874999997 0.658203125 0.0013521625 0.6064453125 0 0.609375 0.0338040859375 0.6552734375 0.029747596874999997
0 0.58984375 0.2447415859375 0.595703125 0.228515625 0.5947265625 0.20823317187499998 0.576171875 0.2204026453125 0.580078125 0.23662860624999998 0.576171875 0.2474459140625 0.58203125 0.250150240625 0.58984375 0.2447415859375