1 0.5936234640625 0.046168221875 0.5491651765625 0.073099684375 0.5158214609375 0.12696260937499998 0.533882640625 0.1894820765625 0.5408292484375 0.24142132656249998 0.5436078906249999 0.3049026328125 0.578340928125 0.326063065625 0.584592875 0.3049026328125 0.584592875 0.285665871875 0.595707446875 0.273161978125 0.61654726875 0.27893300625 0.662394878125 0.297207928125 0.7186623984375 0.25296338125 0.7422808640625 0.176016346875 0.71588375625 0.1029166609375 0.678372075 0.0538629265625 0.6359977703124999 0.0307788140625 0.63113514375 0.019236757812499998 0.6554482703125 0.029816976562500003 0.6485016640625 0.007694703125000001 0.6297458234375 0 0.565837034375 0.0019236750000000001 0.5158214609375 0.02404595 0.516516121875 0.057710276562499996 0.5380506046875 0.06348130468749999 0.5651423734375001 0.051939250000000006 0.5825088921875 0.0432827078125 0.5936234640625 0.046168221875
1 0.5498598375 0.3703076125 0.548470515625 0.44725465 0.574867625 0.4424454578125 0.6026540546875 0.4145521578125 0.6339137874999999 0.39916275 0.6332191265625 0.378964153125 0.6241885359375 0.3472235015625 0.6047380359375001 0.3251012296875 0.5838982140625 0.3193302015625 0.5623637312499999 0.3424143125 0.5498598375 0.3703076125
1 0.4602761453125 0.4389066265625 0.43776811406249994 0.4843555390625 0.43354785781249994 0.5317522593749999 0.44292620468750005 0.5694099296874999 0.43870594843750005 0.6083661390625 0.40400606562499997 0.6362847546875 0.4180735859375 0.660957021875 0.44761537812499996 0.6856292859375 0.45652480781250004 0.6706960734375 0.4616828984375 0.6356354843750001 0.4677788234375 0.5973285453125 0.4855976828125 0.5862909515625 0.52545565625 0.5739548203125 0.54843260625 0.5479840140625 0.5610933734375 0.5109756140624999 0.5549974484375 0.4863033484375 0.5263934906250001 0.45448911093750005 0.4780950046875 0.43566027500000004 0.4602761453125 0.4389066265625
0 0.7189063671875 0.674356434375 0.6898420328125 0.6594090609375 0.6778010937500001 0.6588341625 0.6545496265625 0.6387127015625 0.637111025 0.63583820625 0.6279765203125 0.6519353765625 0.60057300625 0.6916034015625 0.593929728125 0.7289718328125 0.6105379203125 0.7318463265624999 0.6325437734375 0.7048260765625 0.655795240625 0.7013766828125 0.6790467078125 0.7111499640625001 0.6844443703125 0.7237977421874999 0.6640993359375 0.7370204171875 0.667420975 0.7485183953125001 0.6948244906250001 0.7393200125 0.7039589937499999 0.7324212250000001 0.7209823906249999 0.705975875 0.7189063671875 0.674356434375
0 0.789269871875 0.220284371875 0.7799661140625 0.24862505000000001 0.79764325625 0.2724569859375 0.8246241546874999 0.2743893046875 0.843231671875 0.265371815625 0.8357886640625001 0.2460486265625 0.8236937781250001 0.222216690625 0.801829946875 0.217063840625 0.789269871875 0.220284371875
1 0.9248046875 0.3677884609375 0.9365234375 0.3596754796875 0.974609375 0.29341947031250004 0.9619140625 0.2704326921875 0.9189453125 0.24879807656250003 0.8955078125 0.2298677875 0.8642578125 0.189302884375 0.8486328125 0.18389423124999998 0.845703125 0.1906550484375 0.849609375 0.2095853375 0.880859375 0.312349759375 0.892578125 0.3448016828125 0.9140625 0.3664362984375 0.9248046875 0.3677884609375
1 1 0.6882512015625 0.9677734375 0.6923076921875 0.95703125 0.720703125 0.9609375 0.742337740625 0.9775390625 0.7734375 0.99609375 0.7801983171875 1 0.7801983171875 1 0.6882512015625
0 0.486328125 0.1419771625 0.48046875 0.0797776453125 0.4697265625 0.0621995203125 0.4580078125 0.05408653906250001 0.44921875 0.07436899062499999 0.44921875 0.1203425484375 0.4638671875 0.146033653125 0.4765625 0.15279447031249999 0.486328125 0.1419771625
1 0 0.3664362984375 0.0078125 0.369140625 0.0224609375 0.3677884609375 0.02734375 0.355618990625 0.029296875 0.3150540859375 0.04296875 0.304236778125 0.04296875 0.258263221875 0.0556640625 0.24879807656250003 0.0751953125 0.24609375 0.0849609375 0.2298677875 0.09765625 0.2204026453125 0.1015625 0.1960637015625 0.0908203125 0.170372596875 0.0732421875 0.1649639421875 0.05859375 0.1771334140625 0.0517578125 0.1947115390625 0.0283203125 0.170372596875 0 0.1744290859375 0 0.3664362984375
0 0.310373490625 0.9287292296875 0.29802529375 0.92360124375 0.2906164015625 0.920182615625 0.28073779062500004 0.90992683125 0.2770332765625 0.9047988437500001 0.2671548015625 0.8928336984374999 0.2634502875 0.889415071875 0.2523368828125 0.8962523250000001 0.24986729843750002 0.9030895765625001 0.24863237031250002 0.90992683125 0.2473975765625 0.92360124375 0.24863237031250002 0.9321478546874999 0.2548064671875 0.9424036421875 0.265919871875 0.9543687859375 0.2671548015625 0.9594967734375001 0.2770332765625 0.97146191875 0.2770332765625 0.9748805468749999 0.27950299843750004 0.9834270640625 0.28444230312499996 0.9868456906249999 0.294320915625 0.9868456906249999 0.3054343203125 0.9868456906249999 0.3177825171875 0.9748805468749999 0.322721821875 0.9646246656249999 0.3251914078125 0.9543687859375 0.3311960171875 0.9598985000000001 0.319017309375 0.940694375 0.310373490625 0.9287292296875
0 0.5561032453125 0.5270417921874999 0.55733810625 0.5355883578125 0.559807759375 0.5612279625000001 0.5585728984375 0.5800303609374999 0.56721665 0.5971234 0.56721665 0.600542028125 0.5820345671875 0.600542028125 0.589443459375 0.5902862421874999 0.5919131109375 0.56635585625 0.6141399203125 0.5390069390625001 0.625253325 0.5219138531249999 0.6240185328125001 0.50653008125 0.6203140859375 0.49969287500000004 0.603026515625 0.48943699531249996 0.593147971875 0.48259978906249995 0.583269359375 0.486018415625 0.5696863015625 0.49456493593750006 0.554868453125 0.5219138531249999 0.5561032453125 0.5270417921874999
1 0.37828884375 0.45866945000000003 0.357296828125 0.4518322453125 0.3363048125 0.456960184375 0.314078003125 0.4740532234375 0.310373490625 0.47747185 0.3029645984375 0.48430910312500003 0.2930859859375 0.49627425000000003 0.2906164015625 0.49798356093749996 0.25851098125 0.5304604203125 0.2696243859375 0.55097213125 0.28567709531249996 0.545844190625 0.3066691125 0.5390069390625001 0.33383522656250003 0.5219138531249999 0.3498879359375 0.516785959375 0.36470571875 0.5099487078125 0.35482710625 0.5321697328125 0.34618342343749997 0.5407162515625 0.34494863124999997 0.5424255640625 0.3412441171875 0.54926281875 0.33507001875000003 0.5680652171875 0.3412441171875 0.5851582546875 0.3634709265625 0.5851582546875 0.3795236359375 0.5697744828125 0.39187183281250004 0.55097213125 0.3980459328125 0.5321697328125 0.40422002968750004 0.5150766484375 0.40792454375 0.49456493593750006 0.40175044531250004 0.48259978906249995 0.3989737953125 0.48143696093750005 0.3943415546875 0.4706346453125 0.37828884375 0.45866945000000003
0 0.3326002984375 0.113389234375 0.3251914078125 0.12877300625000002 0.3239566140625 0.13731955 0.3239566140625 0.14928471875 0.34494863124999997 0.1509940078125 0.36841023281249996 0.1202264640625 0.36897379531249996 0.09220619218750001 0.3326002984375 0.113389234375