0 0.3447265625 0.1751802890625 0.322265625 0.20628004843749997 0.318359375 0.2143930296875 0.3203125 0.2252103375 0.3046875 0.2360276453125 0.298828125 0.2874098546875 0.3037109375 0.310396634375 0.3369140625 0.3158052890625 0.380859375 0.279296875 0.38671875 0.2143930296875 0.396484375 0.1927584140625 0.40625 0.1494891828125 0.40625 0.1359675484375 0.400390625 0.1278545671875 0.3876953125 0.12920673124999998 0.3740234375 0.1535456734375 0.3447265625 0.1751802890625
0 0.173828125 0.5929987984375 0.171875 0.5984074515625 0.1826171875 0.62139423125 0.1865234375 0.6105769234375 0.2021484375 0.607872596875 0.216796875 0.5902944703124999 0.216796875 0.5713641828125 0.2109375 0.560546875 0.2060546875 0.5591947109375 0.1962890625 0.5754206734375 0.173828125 0.5929987984375
0 0.6279296875 0.302283653125 0.6494140625 0.318509615625 0.6630859375 0.3212139421875 0.68359375 0.3063401453125 0.68359375 0.29822716250000003 0.6787109375 0.2941706734375 0.6689453125 0.296875 0.6572265625 0.291466346875 0.62890625 0.27118389375 0.6162109375 0.26983173125 0.611328125 0.279296875 0.6279296875 0.302283653125
0 0.681640625 0.265775240625 0.6943359375 0.2806490390625 0.7353515625 0.2806490390625 0.736328125 0.27118389375 0.7265625 0.25225360625 0.7265625 0.2387319703125 0.71875 0.2279146625 0.6884765625 0.22926682812500002 0.6796875 0.249549278125 0.681640625 0.265775240625
0 0.3955078125 0.76472355625 0.408203125 0.757962740625 0.41015625 0.7282151453125 0.40625 0.7255108171875 0.3974609375 0.724158653125 0.38671875 0.7336237984375 0.3955078125 0.76472355625
0 0.3837890625 0.33743990468749996 0.375 0.3604266828125 0.375 0.3739483171875 0.3837890625 0.3807091359375 0.4072265625 0.3671875 0.4248046875 0.364483171875 0.4375 0.344200721875 0.439453125 0.32256610625 0.43359375 0.30904447031250004 0.4150390625 0.310396634375 0.3994140625 0.3347355765625 0.3837890625 0.33743990468749996
0 0.828125 0.4875300484375 0.8349609375 0.502403846875 0.8466796875 0.4996995203125 0.857421875 0.4875300484375 0.861328125 0.468599759375 0.859375 0.4523737984375 0.8427734375 0.4537259609375 0.83203125 0.46589543281249995 0.828125 0.4875300484375
0 0.5888671875 0.7890625 0.603515625 0.7877103375 0.603515625 0.749849759375 0.583984375 0.7525540859375 0.58203125 0.7741887015625 0.5888671875 0.7890625
0 0.25 0.441556490625 0.2568359375 0.44831730781249995 0.2685546875 0.44561298125000004 0.275390625 0.43614783749999997 0.271484375 0.4226262015625 0.2548828125 0.423978365625 0.25 0.43073918281249995 0.25 0.441556490625
0 0.5458984375 0.67277644375 0.546875 0.6497896625 0.54296875 0.6470853375 0.5244140625 0.651141828125 0.515625 0.671424278125 0.5458984375 0.67277644375
0 0.0146484375 0.69170673125 0.0234375 0.6768329328125 0.0234375 0.666015625 0.0009765625 0.6808894234375 0 0.6903545671875 0.0146484375 0.69170673125
0 0.7958984375 0.86748798125 0.8095703125 0.8620793265625 0.8212890625 0.864783653125 0.82421875 0.8580228375000001 0.8115234375 0.85126201875 0.80859375 0.841796875 0.7939453125 0.8404447109375001 0.78515625 0.8499098546875 0.7958984375 0.86748798125
0 0.3232421875 0.76472355625 0.326171875 0.7552584140625 0.322265625 0.749849759375 0.3154296875 0.748497596875 0.310546875 0.7606670671875 0.3232421875 0.76472355625
0 0.5478515625 0.9513221156249999 0.552734375 0.9445612984375 0.548828125 0.9364483171875 0.5400390625 0.935096153125 0.533203125 0.952674278125 0.5478515625 0.9513221156249999
0 0.146484375 0.2874098546875 0.1533203125 0.2995793265625 0.1708984375 0.296875 0.1796875 0.28470552968749996 0.177734375 0.2549579328125 0.169921875 0.24143629843749997 0.158203125 0.244140625 0.1484375 0.273888221875 0.146484375 0.2874098546875