0 0.9189453125 0.11899038437500001 0.8837890625 0.10546875 0.876953125 0.10952524062499999 0.875 0.12845552968750001 0.896484375 0.1500901453125 0.9013671875 0.1920072125 0.9248046875 0.2028245203125 0.962890625 0.2041766828125 0.96484375 0.171724759375 0.9580078125 0.1595552890625 0.9306640625 0.1379206734375 0.9189453125 0.11899038437500001
0 0.7587890625 0.79777644375 0.5986328125 0.66796875 0.5751953125 0.66796875 0.505859375 0.7098858171875 0.5078125 0.742337740625 0.517578125 0.7801983171875 0.5244140625 0.7896634609375 0.5849609375 0.7815504796875 0.6064453125 0.770733171875 0.6552734375 0.795072115625 0.658203125 0.79912860625 0.650390625 0.826171875 0.6416015625 0.8221153843750001 0.640625 0.8288762015625 0.650390625 0.8342848546875 0.673828125 0.9018930296875001 0.6669921875 0.9005408640624999 0.6591796875 0.911358171875 0.8359375 0.9127103375000001 0.857421875 0.9073016828125 0.857421875 0.8721454328125 0.8486328125 0.8572716343750001 0.7587890625 0.79777644375
0 0.65625 0.439453125 0.650390625 0.4097055296875 0.634765625 0.39618389375 0.6328125 0.382662259375 0.63671875 0.3718449515625 0.625 0.3583233171875 0.6083984375 0.3055889421875 0.6025390625 0.302884615625 0.5908203125 0.310997596875 0.5771484375 0.346153846875 0.5537109375 0.348858171875 0.53125 0.3799579328125 0.525390625 0.398888221875 0.525390625 0.417818509375 0.5634765625 0.44621394218750005 0.5712890625 0.4624399046875 0.6044921875 0.46784855625 0.611328125 0.4773137015625 0.62109375 0.51787860625 0.626953125 0.5205829328125 0.6318359375 0.5381610578125 0.6494140625 0.5462740390625 0.6611328125 0.540865384375 0.6767578125 0.5597956734375 0.69140625 0.558443509375 0.705078125 0.5476262015625 0.69921875 0.51787860625 0.689453125 0.49083533749999997 0.65625 0.439453125
0 0.8388671875 0.1730769234375 0.8271484375 0.170372596875 0.7919921875 0.189302884375 0.7744140625 0.189302884375 0.765625 0.2014723546875 0.76953125 0.23662860624999998 0.7783203125 0.24879807656250003 0.7998046875 0.2650240390625 0.8125 0.263671875 0.8349609375 0.259615384375 0.853515625 0.2231069703125 0.8515625 0.187950721875 0.8388671875 0.1730769234375
0 0.794921875 0.41511418281249995 0.7880859375 0.39483173125 0.7685546875 0.400240384375 0.7578125 0.42863581718750005 0.740234375 0.452974759375 0.732421875 0.4827223546875 0.732421875 0.5070612984375 0.7392578125 0.51923076875 0.75390625 0.51787860625 0.7822265625 0.5057091359375 0.798828125 0.488131009375 0.79296875 0.4773137015625 0.794921875 0.41511418281249995
0 0.9609375 0.3880709140625 0.958984375 0.374549278125 0.947265625 0.33939302968749996 0.9404296875 0.33263221249999997 0.9013671875 0.33263221249999997 0.8857421875 0.32451923125 0.8681640625 0.32451923125 0.8408203125 0.33263221249999997 0.8271484375 0.3434495203125 0.80859375 0.3664362984375 0.796875 0.39618389375 0.798828125 0.41511418281249995 0.8046875 0.42052283749999997 0.796875 0.4421574515625 0.80078125 0.474609375 0.818359375 0.4773137015625 0.8349609375 0.46514423125000004 0.8623046875 0.45703125 0.9560546875 0.3975360578125 0.9609375 0.3880709140625
0 0.90234375 0.2204026453125 0.90625 0.2041766828125 0.8701171875 0.1974158640625 0.86328125 0.2095853375 0.86328125 0.228515625 0.880859375 0.2663762015625 0.880859375 0.312349759375 0.875 0.3177584140625 0.9013671875 0.329927884375 0.931640625 0.328575721875 0.935546875 0.3231670671875 0.919921875 0.29341947031250004 0.904296875 0.2474459140625 0.90234375 0.2204026453125
0 0.16796875 0.1419771625 0.17578125 0.12845552968750001 0.173828125 0.09600360625 0.18359375 0.0635516828125 0.18359375 0.02569110625 0.1689453125 0.005408653125 0.1474609375 0.005408653125 0.1357421875 0.0162259609375 0.1328125 0.055438701562500005 0.1279296875 0.0621995203125 0.1162109375 0.0703125 0.1064453125 0.0703125 0.0986328125 0.0621995203125 0.0888671875 0.064903846875 0.0654296875 0.0811298078125 0.0546875 0.10141225937500001 0.0546875 0.12845552968750001 0.060546875 0.1419771625 0.0546875 0.144681490625 0.060546875 0.163611778125 0.05859375 0.171724759375 0.0693359375 0.18659855625 0.1123046875 0.2109375 0.15234375 0.2176983171875 0.158203125 0.2095853375 0.158203125 0.1825420671875 0.16796875 0.1609074515625 0.16796875 0.1419771625
0 0.0498046875 0.23527644374999998 0.046875 0.258263221875 0.052734375 0.304236778125 0.0576171875 0.310997596875 0.09375 0.3096454328125 0.115234375 0.285306490625 0.119140625 0.263671875 0.0634765625 0.2298677875 0.0498046875 0.23527644374999998
0 0.4052734375 0.5030048078125 0.400390625 0.515174278125 0.4140625 0.5503305296875001 0.412109375 0.5746694703124999 0.4189453125 0.5814302890625 0.43359375 0.580078125 0.439453125 0.558443509375 0.439453125 0.5259915859375 0.4248046875 0.5030048078125 0.4052734375 0.5030048078125
0 0.33203125 0.4340444703125 0.3447265625 0.45162259687499995 0.373046875 0.46920072187499995 0.376953125 0.4421574515625 0.3662109375 0.421875 0.3447265625 0.4191706734375 0.33203125 0.4340444703125
0 0.0009765625 0.814002403125 0.04296875 0.8126502406249999 0.052734375 0.8099459140624999 0.0478515625 0.7896634609375 0 0.777493990625 0.0009765625 0.814002403125
0 0.0595703125 0.8626802890624999 0.0009765625 0.8653846156249999 0 0.9100060093750001 0.02734375 0.9127103375000001 0.0517578125 0.908653846875 0.064453125 0.8856670671875 0.06640625 0.866736778125 0.0595703125 0.8626802890624999
0 0.2470703125 0.16766826875000002 0.2265625 0.193359375 0.224609375 0.2122896625 0.23828125 0.2474459140625 0.2451171875 0.2569110578125 0.251953125 0.25555889375 0.265625 0.2393329328125 0.267578125 0.22581129843749997 0.2578125 0.187950721875 0.2470703125 0.16766826875000002
0 0.3115234375 0.170372596875 0.3076171875 0.1730769234375 0.3046875 0.163611778125 0.302734375 0.0905949515625 0.2939453125 0.0892427875 0.29296875 0.09600360625 0.298828125 0.0987079328125 0.2919921875 0.1027644234375 0.28515625 0.0797776453125 0.287109375 0.06625600937500001 0.27734375 0.055438701562500005 0.265082621875 0.0355342515625 0.2495226421875 0.0139896640625 0.2424955546875 0.0021748906249999997 0.20384657343749998 0 0.2021484375 0.005408653125 0.19921875 0.0283954328125 0.205078125 0.0581430296875 0.2109375 0.06625600937500001 0.212890625 0.0905949515625 0.234375 0.1500901453125 0.234375 0.171724759375 0.22265625 0.18524639375000002 0.2333984375 0.18659855625 0.2451171875 0.1730769234375 0.25390625 0.179837740625 0.2626953125 0.205528846875 0.2734375 0.2041766828125 0.2998046875 0.2028245203125 0.3203125 0.1906550484375 0.318359375 0.179837740625 0.3115234375 0.170372596875
1 0.0705563328125 0.8071715718749999 0.07749630156250001 0.8007654484375 0.1017861859375 0.802366978125 0.12260608749999999 0.7991639171875 0.15152261718749999 0.79275779375 0.164245890625 0.7911562625 0.181595809375 0.7831486078125 0.203572371875 0.7735394234374999 0.2336455640625 0.7639302375 0.24636883593749997 0.760727175 0.264875415625 0.751117990625 0.27412870625 0.744711865625 0.28685197812499996 0.73350115 0.29494860625 0.7238919640625 0.308828540625 0.7126812499999999 0.3215518140625 0.695064409375 0.331961765625 0.6742445078125 0.3273351203125 0.65342460625 0.326178459375 0.637409296875 0.331961765625 0.6261985796875 0.3389017328125 0.6165893953125 0.34699836093749997 0.6021756171875 0.35393832812500003 0.5765511234375 0.35393832812500003 0.5573327515625001 0.34931168281249997 0.5317082562500001 0.3458417 0.50768529375 0.343528378125 0.48686539218749997 0.342371715625 0.466045490625 0.337745071875 0.45163171249999995 0.32849178125 0.43881946562499996 0.322708475 0.42600721874999997 0.3192384921875 0.41960109531249995 0.315768509375 0.408390378125 0.304201896875 0.4019842546875 0.292635284375 0.3971796609375 0.2799120109375 0.3907735390625 0.27412870625 0.385968946875 0.26256209375 0.3619459828125 0.259092109375 0.34112608125 0.24405551406249998 0.3459306734375 0.24405551406249998 0.3635475140625 0.2382722078125 0.3875704765625 0.22786225624999998 0.4163980328125 0.21629564375000002 0.4468271203125 0.19431908281250002 0.48366233125 0.18853577500000002 0.491669984375 0.16771587500000001 0.5124898859375 0.14458264999999998 0.53811438125 0.1295460546875 0.5621373453125 0.10641283125 0.6005740859375 0.092532896875 0.62459705 0.07749630156250001 0.6566276671875 0.07171299375 0.6854552234375 0.07171299375 0.720688903125 0.0902195734375 0.749516459375 0.08790625156250001 0.749516459375 0.08906291250000001 0.7815470765625 0.0705563328125 0.8071715718749999
1 0.42102467812500005 0.376359759375 0.4140847109375 0.366750575 0.404831421875 0.3635475140625 0.39557813125 0.35714138906250004 0.3828548578125 0.352336796875 0.370131584375 0.3491337359375 0.36203495625 0.34112608125 0.35393832812500003 0.3331184265625 0.3458417 0.3299153640625 0.337745071875 0.32511077187500004 0.32964844375 0.3235092421875 0.322708475 0.3235092421875 0.320395153125 0.326712303125 0.315768509375 0.3315168953125 0.3215518140625 0.3491337359375 0.322708475 0.352336796875 0.331961765625 0.358742921875 0.343528378125 0.36835210625000003 0.35393832812500003 0.376359759375 0.36203495625 0.384367415625 0.37360156875 0.39557813125 0.3782282140625 0.4019842546875 0.38979482499999996 0.40999190937499996 0.4002047765625 0.4163980328125 0.40598808281250004 0.4179995640625 0.4140847109375 0.4212026265625 0.4268079828125 0.4179995640625 0.4244946609375 0.39557813125 0.42333800000000005 0.3907735390625 0.4221813390625 0.38276588437500003 0.42102467812500005 0.376359759375
1 0.3944214703125 0.33792301875 0.4140847109375 0.358742921875 0.432591290625 0.3731566984375 0.43953125625 0.3731566984375 0.4349046125 0.358742921875 0.4244946609375 0.33952455000000004 0.4221813390625 0.3315168953125 0.4244946609375 0.326712303125 0.44068791718749994 0.3171031171875 0.45688117500000003 0.30749393281250004 0.4661344640625 0.28667403125 0.4638211421875 0.270658721875 0.4522545296875 0.25944800468749996 0.443001240625 0.25304188125 0.432591290625 0.24343269687500002 0.4163980328125 0.23382351093749998 0.393264809375 0.23542504218750002 0.3724449078125 0.24022963437499997 0.3574083125 0.24503422812500003 0.342371715625 0.24663575781249997 0.3250217984375 0.24663575781249997 0.2961052671875 0.24983882031250002 0.28685197812499996 0.25624494375 0.3053585578125 0.2738617828125 0.3099852015625 0.2738617828125 0.3215518140625 0.28026790625000003 0.3250217984375 0.28347096875 0.3308051046875 0.28667403125 0.3412150546875 0.2850725 0.364348278125 0.301087809375 0.3724449078125 0.312298525 0.3805415359375 0.3235092421875 0.3944214703125 0.33792301875
1 0.11555414374999999 0.58172699375 0.14360774999999998 0.54103385 0.1102105984375 0.5021903937500001 0.10687088281249998 0.4411506765625 0.0647904734375 0.3875097140625 0.0213741765625 0.3394178171875 0.0073473734375000006 0.3412675046875 0.00066794375 0.3810358046875 0.00066794375 0.44947427500000003 0.0013358859375000001 0.510513990625 0.002003828125 0.519762434375 0.025381834375000002 0.54103385 0.0534354421875 0.5530568234375 0.0781493328125 0.575253084375 0.11555414374999999 0.58172699375