0 0.376953125 0.3799579328125 0.3828125 0.3448016828125 0.3701171875 0.33263221249999997 0.3369140625 0.3353365390625 0.33203125 0.3420973546875 0.333984375 0.3583233171875 0.357421875 0.3853665859375 0.376953125 0.3799579328125
0 0.4228515625 0.4759615390625 0.4462890625 0.4624399046875 0.46484375 0.4340444703125 0.47265625 0.4070012015625 0.47265625 0.390775240625 0.4638671875 0.37590144375 0.4404296875 0.37049278750000003 0.431640625 0.3853665859375 0.4140625 0.474609375 0.4228515625 0.4759615390625
0 0.517578125 0.558443509375 0.548828125 0.4800180296875 0.5361328125 0.45703125 0.525390625 0.46920072187499995 0.49609375 0.5476262015625 0.5 0.5611478375 0.5078125 0.566556490625 0.517578125 0.558443509375
0 0.2470703125 0.5733173078125 0.259765625 0.5557391828125 0.259765625 0.5476262015625 0.2548828125 0.540865384375 0.2392578125 0.5462740390625 0.2275390625 0.540865384375 0.22265625 0.5557391828125 0.2265625 0.5773737984375 0.2470703125 0.5733173078125
0 0.1884765625 0.53545673125 0.193359375 0.5286959140625 0.193359375 0.5124699515625 0.1826171875 0.5084134609375 0.1708984375 0.51923076875 0.1572265625 0.51923076875 0.154296875 0.5422175484375 0.158203125 0.544921875 0.1884765625 0.53545673125
0 0.1259765625 0.42998798125000004 0.14453125 0.39618389375 0.1396484375 0.392127403125 0.0986328125 0.408353365625 0.09765625 0.41511418281249995 0.11328125 0.4313401453125 0.1259765625 0.42998798125000004
0 0.19921875 0.29341947031250004 0.193359375 0.2880108171875 0.19140625 0.250150240625 0.1845703125 0.24609375 0.162109375 0.2528545671875 0.173828125 0.2717848546875 0.169921875 0.28260216250000003 0.171875 0.3096454328125 0.1796875 0.32587139375 0.19921875 0.29341947031250004
0 0.5517578125 0.46514423125000004 0.556640625 0.4556790859375 0.556640625 0.4340444703125 0.5625 0.41511418281249995 0.5595703125 0.41105769218750005 0.54296875 0.439453125 0.54296875 0.46649639374999996 0.5517578125 0.46514423125000004
0 0.296875 0.650390625 0.296875 0.6341646625 0.302734375 0.6233473546875 0.2978515625 0.6165865390625 0.2685546875 0.6192908640625 0.263671875 0.6260516828125 0.263671875 0.636868990625 0.287109375 0.655799278125 0.296875 0.650390625
0 0.138671875 0.5638521625 0.142578125 0.5503305296875001 0.1396484375 0.5435697109375 0.130859375 0.5503305296875001 0.130859375 0.566556490625 0.138671875 0.5638521625
0 0.1650390625 0.6003605765625 0.177734375 0.5773737984375 0.177734375 0.566556490625 0.1494140625 0.557091346875 0.142578125 0.5773737984375 0.140625 0.6044170671875 0.1650390625 0.6003605765625
0 0.0947265625 0.6841947109375 0.1015625 0.67743389375 0.08984375 0.6693209140625 0.10546875 0.6476862984375 0.0986328125 0.6246995203125 0.08984375 0.6314603375 0.064453125 0.685546875 0.07421875 0.6882512015625 0.0947265625 0.6841947109375
0 0.341796875 0.49353966250000003 0.3408203125 0.4786658640625 0.3359375 0.4800180296875 0.333984375 0.49353966250000003 0.341796875 0.49353966250000003
0 0.3271484375 0.47325721249999997 0.333984375 0.46379206718750005 0.33203125 0.44756610625000004 0.3232421875 0.4381009609375 0.3125 0.44756610625000004 0.3203125 0.4719050484375 0.3271484375 0.47325721249999997
0 0.4208984375 0.52734375 0.4248046875 0.5300480765625 0.431640625 0.51787860625 0.435546875 0.496243990625 0.4326171875 0.48677884687499995 0.4228515625 0.489483171875 0.4189453125 0.48137019218750005 0.4111328125 0.48137019218750005 0.384765625 0.496243990625 0.3837890625 0.5084134609375 0.3916015625 0.5003004796875 0.3974609375 0.5003004796875 0.3984375 0.5070612984375 0.3828125 0.51787860625 0.396484375 0.5286959140625 0.3955078125 0.5435697109375 0.40625 0.544921875 0.4208984375 0.52734375
0 0.0771484375 0.8058894234375 0.080078125 0.79912860625 0.0771484375 0.770733171875 0.0693359375 0.770733171875 0.056640625 0.7856069703124999 0.05859375 0.79912860625 0.06640625 0.8045372593750001 0.0771484375 0.8058894234375