0 0.666015625 0.3583233171875 0.66796875 0.3420973546875 0.6630859375 0.3353365390625 0.6298828125 0.33263221249999997 0.6171875 0.3448016828125 0.623046875 0.3799579328125 0.642578125 0.3853665859375 0.666015625 0.3583233171875
0 0.5771484375 0.4759615390625 0.5859375 0.474609375 0.568359375 0.3853665859375 0.5595703125 0.37049278750000003 0.5361328125 0.37590144375 0.52734375 0.390775240625 0.52734375 0.4070012015625 0.53515625 0.4340444703125 0.5537109375 0.4624399046875 0.5771484375 0.4759615390625
0 0.5 0.5611478375 0.50390625 0.5476262015625 0.474609375 0.46920072187499995 0.4638671875 0.45703125 0.451171875 0.4800180296875 0.482421875 0.558443509375 0.4921875 0.566556490625 0.5 0.5611478375
0 0.7734375 0.5773737984375 0.77734375 0.5557391828125 0.7724609375 0.540865384375 0.7607421875 0.5462740390625 0.7451171875 0.540865384375 0.740234375 0.5476262015625 0.740234375 0.5557391828125 0.7529296875 0.5733173078125 0.7734375 0.5773737984375
0 0.841796875 0.544921875 0.845703125 0.5422175484375 0.8427734375 0.51923076875 0.8291015625 0.51923076875 0.8173828125 0.5084134609375 0.806640625 0.5124699515625 0.806640625 0.5286959140625 0.8115234375 0.53545673125 0.841796875 0.544921875
0 0.9013671875 0.408353365625 0.8603515625 0.392127403125 0.85546875 0.39618389375 0.8740234375 0.42998798125000004 0.88671875 0.4313401453125 0.90234375 0.41511418281249995 0.9013671875 0.408353365625
0 0.80078125 0.29341947031250004 0.8203125 0.32587139375 0.828125 0.3096454328125 0.830078125 0.28260216250000003 0.826171875 0.2717848546875 0.837890625 0.2528545671875 0.8154296875 0.24609375 0.80859375 0.250150240625 0.806640625 0.2880108171875 0.80078125 0.29341947031250004
0 0.45703125 0.439453125 0.4404296875 0.41105769218750005 0.4375 0.41511418281249995 0.443359375 0.4340444703125 0.443359375 0.4556790859375 0.4482421875 0.46514423125000004 0.45703125 0.46649639374999996 0.45703125 0.439453125
0 0.712890625 0.655799278125 0.736328125 0.636868990625 0.736328125 0.6260516828125 0.7314453125 0.6192908640625 0.7021484375 0.6165865390625 0.697265625 0.6233473546875 0.703125 0.6341646625 0.703125 0.650390625 0.712890625 0.655799278125
0 0.857421875 0.5503305296875001 0.861328125 0.5638521625 0.869140625 0.566556490625 0.869140625 0.5503305296875001 0.8603515625 0.5435697109375 0.857421875 0.5503305296875001
0 0.8505859375 0.557091346875 0.822265625 0.566556490625 0.822265625 0.5773737984375 0.8349609375 0.6003605765625 0.859375 0.6044170671875 0.857421875 0.5773737984375 0.8505859375 0.557091346875
0 0.92578125 0.6882512015625 0.935546875 0.685546875 0.91015625 0.6314603375 0.9013671875 0.6246995203125 0.89453125 0.6476862984375 0.91015625 0.6693209140625 0.8984375 0.67743389375 0.9052734375 0.6841947109375 0.92578125 0.6882512015625
0 0.666015625 0.49353966250000003 0.6640625 0.4800180296875 0.6591796875 0.4786658640625 0.658203125 0.49353966250000003 0.666015625 0.49353966250000003
0 0.6767578125 0.4381009609375 0.66796875 0.44756610625000004 0.666015625 0.46379206718750005 0.6728515625 0.47325721249999997 0.6796875 0.4719050484375 0.6875 0.44756610625000004 0.6767578125 0.4381009609375
0 0.615234375 0.496243990625 0.5888671875 0.48137019218750005 0.5810546875 0.48137019218750005 0.5771484375 0.489483171875 0.5673828125 0.48677884687499995 0.564453125 0.496243990625 0.568359375 0.51787860625 0.5751953125 0.5300480765625 0.5791015625 0.52734375 0.59375 0.544921875 0.6044921875 0.5435697109375 0.603515625 0.5286959140625 0.6171875 0.51787860625 0.6015625 0.5070612984375 0.6025390625 0.5003004796875 0.6083984375 0.5003004796875 0.6162109375 0.5084134609375 0.615234375 0.496243990625
0 0.94140625 0.79912860625 0.943359375 0.7856069703124999 0.9306640625 0.770733171875 0.9228515625 0.770733171875 0.919921875 0.79912860625 0.9228515625 0.8058894234375 0.93359375 0.8045372593750001 0.94140625 0.79912860625