0 0.0751953125 0.2028245203125 0.0986328125 0.1920072125 0.103515625 0.1500901453125 0.125 0.12845552968750001 0.123046875 0.10952524062499999 0.1162109375 0.10546875 0.0810546875 0.11899038437500001 0.0693359375 0.1379206734375 0.0419921875 0.1595552890625 0.03515625 0.171724759375 0.037109375 0.2041766828125 0.0751953125 0.2028245203125
0 0.3408203125 0.911358171875 0.3330078125 0.9005408640624999 0.326171875 0.9018930296875001 0.349609375 0.8342848546875 0.359375 0.8288762015625 0.3583984375 0.8221153843750001 0.349609375 0.826171875 0.341796875 0.79912860625 0.3447265625 0.795072115625 0.3935546875 0.770733171875 0.4150390625 0.7815504796875 0.4755859375 0.7896634609375 0.482421875 0.7801983171875 0.4921875 0.742337740625 0.494140625 0.7098858171875 0.4248046875 0.66796875 0.4013671875 0.66796875 0.2412109375 0.79777644375 0.1513671875 0.8572716343750001 0.142578125 0.8721454328125 0.142578125 0.9073016828125 0.1640625 0.9127103375000001 0.3408203125 0.911358171875
0 0.3232421875 0.5597956734375 0.3388671875 0.540865384375 0.3505859375 0.5462740390625 0.3681640625 0.5381610578125 0.373046875 0.5205829328125 0.37890625 0.51787860625 0.388671875 0.4773137015625 0.3955078125 0.46784855625 0.4287109375 0.4624399046875 0.4365234375 0.44621394218750005 0.474609375 0.417818509375 0.474609375 0.398888221875 0.46875 0.3799579328125 0.4462890625 0.348858171875 0.4228515625 0.346153846875 0.4091796875 0.310997596875 0.3974609375 0.302884615625 0.3916015625 0.3055889421875 0.375 0.3583233171875 0.36328125 0.3718449515625 0.3671875 0.382662259375 0.365234375 0.39618389375 0.349609375 0.4097055296875 0.34375 0.439453125 0.310546875 0.49083533749999997 0.30078125 0.51787860625 0.294921875 0.5476262015625 0.30859375 0.558443509375 0.3232421875 0.5597956734375
0 0.2001953125 0.2650240390625 0.2216796875 0.24879807656250003 0.23046875 0.23662860624999998 0.234375 0.2014723546875 0.2255859375 0.189302884375 0.2080078125 0.189302884375 0.1728515625 0.170372596875 0.1611328125 0.1730769234375 0.1484375 0.187950721875 0.146484375 0.2231069703125 0.1650390625 0.259615384375 0.1875 0.263671875 0.2001953125 0.2650240390625
0 0.2607421875 0.51923076875 0.267578125 0.5070612984375 0.267578125 0.4827223546875 0.259765625 0.452974759375 0.2421875 0.42863581718750005 0.2314453125 0.400240384375 0.2119140625 0.39483173125 0.205078125 0.41511418281249995 0.20703125 0.4773137015625 0.201171875 0.488131009375 0.2177734375 0.5057091359375 0.24609375 0.51787860625 0.2607421875 0.51923076875
0 0.19921875 0.474609375 0.203125 0.4421574515625 0.1953125 0.42052283749999997 0.201171875 0.41511418281249995 0.203125 0.39618389375 0.19140625 0.3664362984375 0.1728515625 0.3434495203125 0.1591796875 0.33263221249999997 0.1318359375 0.32451923125 0.1142578125 0.32451923125 0.0986328125 0.33263221249999997 0.0595703125 0.33263221249999997 0.052734375 0.33939302968749996 0.041015625 0.374549278125 0.0390625 0.3880709140625 0.0439453125 0.3975360578125 0.1376953125 0.45703125 0.1650390625 0.46514423125000004 0.181640625 0.4773137015625 0.19921875 0.474609375
0 0.0986328125 0.329927884375 0.125 0.3177584140625 0.119140625 0.312349759375 0.119140625 0.2663762015625 0.13671875 0.228515625 0.13671875 0.2095853375 0.1298828125 0.1974158640625 0.09375 0.2041766828125 0.09765625 0.2204026453125 0.095703125 0.2474459140625 0.080078125 0.29341947031250004 0.064453125 0.3231670671875 0.068359375 0.328575721875 0.0986328125 0.329927884375
0 0.8876953125 0.2109375 0.9306640625 0.18659855625 0.94140625 0.171724759375 0.939453125 0.163611778125 0.9453125 0.144681490625 0.939453125 0.1419771625 0.9453125 0.12845552968750001 0.9453125 0.10141225937500001 0.9345703125 0.0811298078125 0.9111328125 0.064903846875 0.9013671875 0.0621995203125 0.8935546875 0.0703125 0.8837890625 0.0703125 0.8720703125 0.0621995203125 0.8671875 0.055438701562500005 0.8642578125 0.0162259609375 0.8525390625 0.005408653125 0.8310546875 0.005408653125 0.81640625 0.02569110625 0.81640625 0.0635516828125 0.826171875 0.09600360625 0.82421875 0.12845552968750001 0.83203125 0.1419771625 0.83203125 0.1609074515625 0.841796875 0.1825420671875 0.841796875 0.2095853375 0.84765625 0.2176983171875 0.8876953125 0.2109375
0 0.9423828125 0.310997596875 0.947265625 0.304236778125 0.953125 0.258263221875 0.9501953125 0.23527644374999998 0.9365234375 0.2298677875 0.880859375 0.263671875 0.884765625 0.285306490625 0.90625 0.3096454328125 0.9423828125 0.310997596875
0 0.5810546875 0.5814302890625 0.587890625 0.5746694703124999 0.5859375 0.5503305296875001 0.599609375 0.515174278125 0.5947265625 0.5030048078125 0.5751953125 0.5030048078125 0.560546875 0.5259915859375 0.560546875 0.558443509375 0.56640625 0.580078125 0.5810546875 0.5814302890625
0 0.6552734375 0.45162259687499995 0.66796875 0.4340444703125 0.6552734375 0.4191706734375 0.6337890625 0.421875 0.623046875 0.4421574515625 0.626953125 0.46920072187499995 0.6552734375 0.45162259687499995
0 0.9990234375 0.814002403125 1 0.777493990625 0.9521484375 0.7896634609375 0.947265625 0.8099459140624999 0.95703125 0.8126502406249999 0.9990234375 0.814002403125
0 1 0.9100060093750001 0.9990234375 0.8653846156249999 0.9404296875 0.8626802890624999 0.93359375 0.866736778125 0.935546875 0.8856670671875 0.9482421875 0.908653846875 0.97265625 0.9127103375000001 1 0.9100060093750001
0 0.7548828125 0.2569110578125 0.76171875 0.2474459140625 0.775390625 0.2122896625 0.7734375 0.193359375 0.7529296875 0.16766826875000002 0.7421875 0.187950721875 0.732421875 0.22581129843749997 0.734375 0.2393329328125 0.748046875 0.25555889375 0.7548828125 0.2569110578125
0 0.7373046875 0.205528846875 0.74609375 0.179837740625 0.7548828125 0.1730769234375 0.7666015625 0.18659855625 0.77734375 0.18524639375000002 0.765625 0.171724759375 0.765625 0.1500901453125 0.787109375 0.0905949515625 0.7890625 0.06625600937500001 0.794921875 0.0581430296875 0.80078125 0.0283954328125 0.7978515625 0.005408653125 0.7961534265625 0 0.7575044453124999 0.0021748906249999997 0.7504773578124999 0.0139896640625 0.734917378125 0.0355342515625 0.72265625 0.055438701562500005 0.712890625 0.06625600937500001 0.71484375 0.0797776453125 0.7080078125 0.1027644234375 0.701171875 0.0987079328125 0.70703125 0.09600360625 0.7060546875 0.0892427875 0.697265625 0.0905949515625 0.6953125 0.163611778125 0.6923828125 0.1730769234375 0.6884765625 0.170372596875 0.681640625 0.179837740625 0.6796875 0.1906550484375 0.7001953125 0.2028245203125 0.7265625 0.2041766828125 0.7373046875 0.205528846875
1 0.92828700625 0.6854552234375 0.9225036984375 0.6566276671875 0.907467103125 0.62459705 0.8935871687500001 0.6005740859375 0.8704539453125 0.5621373453125 0.85541735 0.53811438125 0.8322841249999999 0.5124898859375 0.8114642249999999 0.491669984375 0.8056809171875001 0.48366233125 0.78370435625 0.4468271203125 0.77213774375 0.4163980328125 0.7617277921875 0.3875704765625 0.7559444859375 0.3635475140625 0.7559444859375 0.3459306734375 0.7409078906250001 0.34112608125 0.73743790625 0.3619459828125 0.72587129375 0.385968946875 0.7200879890625 0.3907735390625 0.707364715625 0.3971796609375 0.695798103125 0.4019842546875 0.684231490625 0.408390378125 0.6807615078125 0.41960109531249995 0.677291525 0.42600721874999997 0.67150821875 0.43881946562499996 0.6622549281250001 0.45163171249999995 0.657628284375 0.466045490625 0.656471621875 0.48686539218749997 0.6541583 0.50768529375 0.6506883171875 0.5317082562500001 0.646061671875 0.5573327515625001 0.646061671875 0.5765511234375 0.6530016390625 0.6021756171875 0.6610982671875 0.6165893953125 0.668038234375 0.6261985796875 0.673821540625 0.637409296875 0.6726648796875 0.65342460625 0.668038234375 0.6742445078125 0.6784481859375 0.695064409375 0.691171459375 0.7126812499999999 0.70505139375 0.7238919640625 0.713148021875 0.73350115 0.72587129375 0.744711865625 0.7351245843750001 0.751117990625 0.7536311640625 0.760727175 0.7663544359375 0.7639302375 0.796427628125 0.7735394234374999 0.818404190625 0.7831486078125 0.8357541093749999 0.7911562625 0.8484773828125001 0.79275779375 0.8773939125 0.7991639171875 0.8982138140625 0.802366978125 0.9225036984375 0.8007654484375 0.9294436671874999 0.8071715718749999 0.9109370875 0.7815470765625 0.9120937484375 0.749516459375 0.9097804265624999 0.749516459375 0.92828700625 0.720688903125 0.92828700625 0.6854552234375
1 0.5859152890625 0.4212026265625 0.5940119171875 0.4179995640625 0.5997952234375 0.4163980328125 0.610205175 0.40999190937499996 0.6217717859375 0.4019842546875 0.6263984312499999 0.39557813125 0.63796504375 0.384367415625 0.646061671875 0.376359759375 0.656471621875 0.36835210625000003 0.668038234375 0.358742921875 0.677291525 0.352336796875 0.6784481859375 0.3491337359375 0.684231490625 0.3315168953125 0.679604846875 0.326712303125 0.677291525 0.3235092421875 0.67035155625 0.3235092421875 0.6622549281250001 0.32511077187500004 0.6541583 0.3299153640625 0.646061671875 0.3331184265625 0.63796504375 0.34112608125 0.6298684156250001 0.3491337359375 0.6171451421875 0.352336796875 0.60442186875 0.35714138906250004 0.595168578125 0.3635475140625 0.5859152890625 0.366750575 0.578975321875 0.376359759375 0.5778186609375 0.38276588437500003 0.576662 0.3907735390625 0.5755053390625 0.39557813125 0.5731920171875 0.4179995640625 0.5859152890625 0.4212026265625
1 0.6691948953125 0.28667403125 0.6749782015625 0.28347096875 0.6784481859375 0.28026790625000003 0.6900147984375 0.2738617828125 0.6946414421875 0.2738617828125 0.713148021875 0.25624494375 0.7038947328125 0.24983882031250002 0.6749782015625 0.24663575781249997 0.657628284375 0.24663575781249997 0.6425916875000001 0.24503422812500003 0.6275550921875 0.24022963437499997 0.606735190625 0.23542504218750002 0.5836019671875 0.23382351093749998 0.567408709375 0.24343269687500002 0.556998759375 0.25304188125 0.5477454703125 0.25944800468749996 0.5361788578125 0.270658721875 0.5338655359375 0.28667403125 0.543118825 0.30749393281250004 0.5593120828125 0.3171031171875 0.5755053390625 0.326712303125 0.5778186609375 0.3315168953125 0.5755053390625 0.33952455000000004 0.5650953875 0.358742921875 0.56046874375 0.3731566984375 0.567408709375 0.3731566984375 0.5859152890625 0.358742921875 0.6055785296875 0.33792301875 0.6194584640625 0.3235092421875 0.6275550921875 0.312298525 0.635651721875 0.301087809375 0.6587849453125 0.2850725 0.6691948953125 0.28667403125
1 0.9986641140625 0.510513990625 0.9993320562499999 0.44947427500000003 0.9993320562499999 0.3810358046875 0.9926526265625 0.3412675046875 0.9786258234374999 0.3394178171875 0.9352095265625 0.3875097140625 0.8931291171875 0.4411506765625 0.8897894015625001 0.5021903937500001 0.8563922500000001 0.54103385 0.8844458562499999 0.58172699375 0.9218506671875 0.575253084375 0.9465645578125 0.5530568234375 0.974618165625 0.54103385 0.9979961718749999 0.519762434375 0.9986641140625 0.510513990625