0 0.0751953125 0.7971754796875 0.037109375 0.7958233171875 0.03515625 0.8282752406249999 0.0419921875 0.8404447109375001 0.0693359375 0.8620793265625 0.0810546875 0.8810096156249999 0.1162109375 0.89453125 0.123046875 0.8904747593750001 0.125 0.8715444703124999 0.103515625 0.8499098546875 0.0986328125 0.8079927874999999 0.0751953125 0.7971754796875
0 0.4755859375 0.2103365390625 0.4150390625 0.2184495203125 0.3935546875 0.22926682812500002 0.3447265625 0.20492788437499998 0.341796875 0.20087139375000002 0.349609375 0.173828125 0.3583984375 0.177884615625 0.359375 0.1711237984375 0.349609375 0.1657151453125 0.326171875 0.0981069703125 0.3330078125 0.0994591359375 0.3408203125 0.088641828125 0.1640625 0.0872896625 0.142578125 0.0926983171875 0.142578125 0.1278545671875 0.1513671875 0.142728365625 0.2412109375 0.20222355625000002 0.4013671875 0.33203125 0.4248046875 0.33203125 0.494140625 0.2901141828125 0.4921875 0.257662259375 0.482421875 0.2198016828125 0.4755859375 0.2103365390625
0 0.3916015625 0.6944110578125 0.3974609375 0.697115384375 0.4091796875 0.689002403125 0.4228515625 0.653846153125 0.4462890625 0.651141828125 0.46875 0.6200420671875 0.474609375 0.601111778125 0.474609375 0.582181490625 0.4365234375 0.5537860578125 0.4287109375 0.5375600953124999 0.3955078125 0.53215144375 0.388671875 0.5226862984375 0.37890625 0.48212139374999996 0.373046875 0.47941706718750005 0.3681640625 0.46183894218750005 0.3505859375 0.4537259609375 0.3388671875 0.459134615625 0.3232421875 0.4402043265625 0.30859375 0.441556490625 0.294921875 0.4523737984375 0.30078125 0.48212139374999996 0.310546875 0.5091646625 0.34375 0.560546875 0.349609375 0.5902944703124999 0.365234375 0.60381610625 0.3671875 0.617337740625 0.36328125 0.6281550484375 0.375 0.6416766828125 0.3916015625 0.6944110578125
0 0.2216796875 0.7512019234375 0.2001953125 0.7349759609375 0.1875 0.736328125 0.1650390625 0.740384615625 0.146484375 0.7768930296875001 0.1484375 0.812049278125 0.1611328125 0.8269230765625 0.1728515625 0.829627403125 0.2080078125 0.8106971156249999 0.2255859375 0.8106971156249999 0.234375 0.7985276453125 0.23046875 0.76337139375 0.2216796875 0.7512019234375
0 0.267578125 0.4929387015625 0.2607421875 0.48076923125000004 0.24609375 0.48212139374999996 0.2177734375 0.4942908640625 0.201171875 0.511868990625 0.20703125 0.5226862984375 0.205078125 0.5848858171875 0.2119140625 0.60516826875 0.2314453125 0.599759615625 0.2421875 0.5713641828125 0.259765625 0.547025240625 0.267578125 0.5172776453125 0.267578125 0.4929387015625
0 0.1318359375 0.67548076875 0.1591796875 0.6673677875 0.1728515625 0.6565504796875 0.19140625 0.6335637015625 0.203125 0.60381610625 0.201171875 0.5848858171875 0.1953125 0.5794771625 0.203125 0.5578425484375 0.19921875 0.525390625 0.181640625 0.5226862984375 0.1650390625 0.53485576875 0.1376953125 0.54296875 0.0439453125 0.6024639421875 0.0390625 0.6119290859375 0.041015625 0.625450721875 0.052734375 0.6606069703124999 0.0595703125 0.6673677875 0.0986328125 0.6673677875 0.1142578125 0.67548076875 0.1318359375 0.67548076875
0 0.119140625 0.687650240625 0.125 0.6822415859375 0.0986328125 0.670072115625 0.068359375 0.671424278125 0.064453125 0.6768329328125 0.080078125 0.7065805296875001 0.095703125 0.7525540859375 0.09765625 0.7795973546875 0.09375 0.7958233171875 0.1298828125 0.8025841359375001 0.13671875 0.7904146625 0.13671875 0.771484375 0.119140625 0.7336237984375 0.119140625 0.687650240625
0 0.8525390625 0.994591346875 0.8642578125 0.9837740390624999 0.8671875 0.9445612984375 0.8720703125 0.9378004796875 0.8837890625 0.9296875 0.8935546875 0.9296875 0.9013671875 0.9378004796875 0.9111328125 0.935096153125 0.9345703125 0.9188701921875 0.9453125 0.8985877406249999 0.9453125 0.8715444703124999 0.939453125 0.8580228375000001 0.9453125 0.8553185093750001 0.939453125 0.836388221875 0.94140625 0.8282752406249999 0.9306640625 0.8134014437499999 0.8876953125 0.7890625 0.84765625 0.7823016828125 0.841796875 0.7904146625 0.841796875 0.8174579328125 0.83203125 0.8390925484375 0.83203125 0.8580228375000001 0.82421875 0.8715444703124999 0.826171875 0.90399639375 0.81640625 0.9364483171875 0.81640625 0.97430889375 0.8310546875 0.994591346875 0.8525390625 0.994591346875
0 0.880859375 0.736328125 0.9365234375 0.7701322125 0.9501953125 0.76472355625 0.953125 0.741736778125 0.947265625 0.695763221875 0.9423828125 0.689002403125 0.90625 0.6903545671875 0.884765625 0.714693509375 0.880859375 0.736328125
0 0.560546875 0.441556490625 0.560546875 0.4740084140625 0.5751953125 0.49699519218750005 0.5947265625 0.49699519218750005 0.599609375 0.48482572187499995 0.5859375 0.4496694703125 0.587890625 0.4253305296875 0.5810546875 0.4185697109375 0.56640625 0.419921875 0.560546875 0.441556490625
0 0.66796875 0.5659555296875001 0.6552734375 0.548377403125 0.626953125 0.530799278125 0.623046875 0.5578425484375 0.6337890625 0.578125 0.6552734375 0.5808293265625 0.66796875 0.5659555296875001
0 0.95703125 0.187349759375 0.947265625 0.1900540859375 0.9521484375 0.2103365390625 1 0.22250600937499998 0.9990234375 0.185997596875 0.95703125 0.187349759375
0 0.93359375 0.133263221875 0.9404296875 0.1373197109375 0.9990234375 0.134615384375 1 0.08999399062499999 0.97265625 0.0872896625 0.9482421875 0.091346153125 0.935546875 0.11433293281250001 0.93359375 0.133263221875
0 0.734375 0.7606670671875 0.732421875 0.7741887015625 0.7421875 0.812049278125 0.7529296875 0.83233173125 0.7734375 0.806640625 0.775390625 0.7877103375 0.76171875 0.7525540859375 0.7548828125 0.7430889421875 0.748046875 0.74444110625 0.734375 0.7606670671875
0 0.701171875 0.9012920671875 0.7080078125 0.8972355765625 0.71484375 0.9202223546875 0.712890625 0.9337439906249999 0.72265625 0.9445612984375 0.734917378125 0.9644657484374999 0.7504773578124999 0.9860103359375 0.7575044453124999 0.997825109375 0.7961534265625 1 0.7978515625 0.994591346875 0.80078125 0.9716045671875 0.794921875 0.9418569703124999 0.7890625 0.9337439906249999 0.787109375 0.9094050484375 0.765625 0.8499098546875 0.765625 0.8282752406249999 0.77734375 0.81475360625 0.7666015625 0.8134014437499999 0.7548828125 0.8269230765625 0.74609375 0.8201622593750001 0.7373046875 0.794471153125 0.7265625 0.7958233171875 0.7001953125 0.7971754796875 0.6796875 0.8093449515625 0.681640625 0.8201622593750001 0.6884765625 0.829627403125 0.6923828125 0.8269230765625 0.6953125 0.836388221875 0.697265625 0.9094050484375 0.7060546875 0.9107572125000001 0.70703125 0.90399639375 0.701171875 0.9012920671875
1 0.818404190625 0.2168513921875 0.796427628125 0.2264605765625 0.7663544359375 0.23606976249999997 0.7536311640625 0.23927282499999997 0.7351245843750001 0.248882009375 0.72587129375 0.25528813437500003 0.713148021875 0.26649885 0.70505139375 0.2761080359375 0.691171459375 0.28731874999999996 0.6784481859375 0.30493559062500003 0.668038234375 0.3257554921875 0.6726648796875 0.34657539375 0.673821540625 0.362590703125 0.668038234375 0.3738014203125 0.6610982671875 0.3834106046875 0.6530016390625 0.3978243828125 0.646061671875 0.42344887656249997 0.646061671875 0.44266724843749994 0.6506883171875 0.46829174374999993 0.6541583 0.49231470625 0.656471621875 0.5131346078125001 0.657628284375 0.533954509375 0.6622549281250001 0.5483682875 0.67150821875 0.561180534375 0.677291525 0.5739927812500001 0.6807615078125 0.5803989046875 0.684231490625 0.591609621875 0.695798103125 0.5980157453125 0.707364715625 0.6028203390625 0.7200879890625 0.6092264609375 0.72587129375 0.614031053125 0.73743790625 0.6380540171875 0.7409078906250001 0.65887391875 0.7559444859375 0.6540693265625 0.7559444859375 0.6364524859375 0.7617277921875 0.6124295234375 0.77213774375 0.5836019671875 0.78370435625 0.5531728796875 0.8056809171875001 0.51633766875 0.8114642249999999 0.508330015625 0.8322841249999999 0.48751011406250006 0.85541735 0.46188561874999995 0.8704539453125 0.4378626546875 0.8935871687500001 0.3994259140625 0.907467103125 0.37540295 0.9225036984375 0.3433723328125 0.92828700625 0.3145447765625 0.92828700625 0.279311096875 0.9097804265624999 0.250483540625 0.9120937484375 0.250483540625 0.9109370875 0.21845292343749997 0.9294436671874999 0.192828428125 0.9225036984375 0.1992345515625 0.8982138140625 0.197633021875 0.8773939125 0.20083608281249998 0.8484773828125001 0.20724220624999998 0.8357541093749999 0.2088437375 0.818404190625 0.2168513921875
1 0.63796504375 0.65887391875 0.646061671875 0.6668815734375 0.6541583 0.6700846359375 0.6622549281250001 0.674889228125 0.67035155625 0.6764907578125 0.677291525 0.6764907578125 0.679604846875 0.673287696875 0.684231490625 0.6684831046874999 0.6784481859375 0.6508662640625 0.677291525 0.647663203125 0.668038234375 0.641257078125 0.656471621875 0.6316478937500001 0.646061671875 0.623640240625 0.63796504375 0.615632584375 0.6263984312499999 0.60442186875 0.6217717859375 0.5980157453125 0.610205175 0.590008090625 0.5997952234375 0.5836019671875 0.5940119171875 0.5820004359375 0.5859152890625 0.5787973734375 0.5731920171875 0.5820004359375 0.5755053390625 0.60442186875 0.576662 0.6092264609375 0.5778186609375 0.617234115625 0.578975321875 0.623640240625 0.5859152890625 0.633249425 0.595168578125 0.6364524859375 0.60442186875 0.6428586109375 0.6171451421875 0.647663203125 0.6298684156250001 0.6508662640625 0.63796504375 0.65887391875
1 0.5778186609375 0.6684831046874999 0.5755053390625 0.673287696875 0.5593120828125 0.6828968828125 0.543118825 0.6925060671875001 0.5338655359375 0.71332596875 0.5361788578125 0.7293412781249999 0.5477454703125 0.7405519953125 0.556998759375 0.7469581187500001 0.567408709375 0.756567303125 0.5836019671875 0.7661764890625 0.606735190625 0.7645749578125 0.6275550921875 0.759770365625 0.6425916875000001 0.754965771875 0.657628284375 0.7533642421875 0.6749782015625 0.7533642421875 0.7038947328125 0.7501611796875001 0.713148021875 0.74375505625 0.6946414421875 0.7261382171874999 0.6900147984375 0.7261382171874999 0.6784481859375 0.71973209375 0.6749782015625 0.71652903125 0.6691948953125 0.71332596875 0.6587849453125 0.7149275 0.635651721875 0.698912190625 0.6275550921875 0.687701475 0.6194584640625 0.6764907578125 0.6055785296875 0.66207698125 0.5859152890625 0.641257078125 0.567408709375 0.6268433015625 0.56046874375 0.6268433015625 0.5650953875 0.641257078125 0.5755053390625 0.6604754500000001 0.5778186609375 0.6684831046874999
1 0.9926526265625 0.6587324953125 0.9993320562499999 0.6189641953125 0.9993320562499999 0.550525725 0.9986641140625 0.48948600937500003 0.9979961718749999 0.480237565625 0.974618165625 0.45896615 0.9465645578125 0.4469431765625 0.9218506671875 0.424746915625 0.8844458562499999 0.41827300625 0.8563922500000001 0.45896615 0.8897894015625001 0.49780960625 0.8931291171875 0.5588493234375 0.9352095265625 0.6124902859375 0.9786258234374999 0.6605821828125 0.9926526265625 0.6587324953125