0 0.267578125 0.4340444703125 0.263671875 0.398888221875 0.2548828125 0.3894230765625 0.24609375 0.4421574515625 0.2255859375 0.4840745203125 0.2138671875 0.48677884687499995 0.1826171875 0.5111177875 0.1767578125 0.5111177875 0.1689453125 0.494891828125 0.1572265625 0.48677884687499995 0.146484375 0.496243990625 0.14453125 0.5070612984375 0.15625 0.539513221875 0.2451171875 0.6463341359375 0.2666015625 0.6652644234375 0.29296875 0.6693209140625 0.3046875 0.6206430296875001 0.3046875 0.593599759375 0.314453125 0.5611478375 0.294921875 0.539513221875 0.296875 0.523287259375 0.2890625 0.48542668281249995 0.279296875 0.4719050484375 0.267578125 0.4340444703125
0 0.74609375 0.3799579328125 0.74609375 0.35021033749999997 0.7392578125 0.3407451921875 0.7001953125 0.329927884375 0.6787109375 0.3434495203125 0.6201171875 0.3515625 0.609375 0.3610276453125 0.59765625 0.4124098546875 0.59765625 0.4421574515625 0.572265625 0.4773137015625 0.55859375 0.515174278125 0.55859375 0.539513221875 0.583984375 0.5908954328125 0.5927734375 0.5949519234375 0.6123046875 0.627403846875 0.619140625 0.6260516828125 0.642578125 0.5692608171875 0.642578125 0.53680889375 0.6572265625 0.5219350953124999 0.6748046875 0.51652644375 0.68359375 0.5043569703124999 0.68359375 0.496243990625 0.724609375 0.4367487984375 0.74609375 0.3799579328125
0 0.064453125 0.8045372593750001 0.064453125 0.820763221875 0.072265625 0.8396935093750001 0.072265625 0.8559194703124999 0.087890625 0.8856670671875 0.0966796875 0.8924278843750001 0.1328125 0.8991887015625 0.13671875 0.8937800484375 0.13671875 0.86944110625 0.126953125 0.8478064906249999 0.125 0.820763221875 0.115234375 0.7883112984375 0.1025390625 0.7734375 0.0693359375 0.79777644375 0.064453125 0.8045372593750001
0 0.3427734375 0 0.31640625 0.0202824515625 0.31640625 0.0283954328125 0.3271484375 0.0378605765625 0.3623046875 0.0513822125 0.3837890625 0.048677884375 0.412109375 0.0851862984375 0.408203125 0.041917067187500004 0.423828125 0.0338040859375 0.42578125 0.009465145312500001 0.4228515625 0.005408653125 0.3916015625 0.00811298125 0.3837890625 0 0.3427734375 0
0 0.900390625 0.0770733171875 0.900390625 0.123046875 0.91796875 0.171724759375 0.916015625 0.187950721875 0.9228515625 0.1947115390625 0.93359375 0.193359375 0.9443359375 0.189302884375 0.953125 0.1690204328125 0.96484375 0.1609074515625 0.962890625 0.11763822187499999 0.9443359375 0.0703125 0.9345703125 0.0621995203125 0.9169921875 0.0621995203125 0.900390625 0.0770733171875
0 0.8212890625 0.4029447109375 0.7939453125 0.3975360578125 0.7587890625 0.4056490390625 0.734375 0.42863581718750005 0.7109375 0.474609375 0.703125 0.515174278125 0.703125 0.58819110625 0.7099609375 0.59765625 0.7255859375 0.592247596875 0.7431640625 0.6030649046875001 0.76953125 0.601712740625 0.779296875 0.585486778125 0.779296875 0.5638521625 0.7861328125 0.5516826921875 0.8349609375 0.548978365625 0.837890625 0.51787860625 0.859375 0.488131009375 0.849609375 0.4367487984375 0.8212890625 0.4029447109375
0 0.4091796875 0.592247596875 0.404296875 0.5990084140625 0.40625 0.6206430296875001 0.4189453125 0.6328125 0.423828125 0.6314603375 0.41796875 0.5963040859375 0.4091796875 0.592247596875
0 0.46484375 0.580078125 0.4580078125 0.5625 0.42578125 0.5719651453125 0.43359375 0.6179387015625 0.44140625 0.6260516828125 0.46484375 0.601712740625 0.46484375 0.580078125
0 0.46875 0.7612680296875001 0.46875 0.734224759375 0.4482421875 0.716646634375 0.4267578125 0.7193509609375 0.427734375 0.7450420671875 0.435546875 0.7612680296875001 0.455078125 0.7666766828125 0.46875 0.7612680296875001
0 0.650390625 0.891075721875 0.703125 0.8559194703124999 0.6884765625 0.838341346875 0.6767578125 0.8329326921875 0.6376953125 0.838341346875 0.6328125 0.8451021624999999 0.6328125 0.8586237984375 0.642578125 0.88837139375 0.650390625 0.891075721875
0 0.1357421875 0 0.13671875 0.052734375 0.1591796875 0.075721153125 0.169921875 0.0770733171875 0.189453125 0.041917067187500004 0.189453125 0.009465145312500001 0.1806640625 0 0.1357421875 0
0 0.681640625 0.672025240625 0.68359375 0.6476862984375 0.6708984375 0.627403846875 0.6435546875 0.6246995203125 0.640625 0.6530949515625 0.646484375 0.6747295671875 0.666015625 0.67743389375 0.681640625 0.672025240625
0 0.91015625 0.6260516828125 0.9169921875 0.6328125 0.92578125 0.6314603375 0.95703125 0.6179387015625 0.95703125 0.5963040859375 0.9482421875 0.576021634375 0.9365234375 0.5733173078125 0.9208984375 0.5787259609375 0.908203125 0.593599759375 0.90625 0.615234375 0.91015625 0.6260516828125
0 0.28515625 0.277193509375 0.2763671875 0.267728365625 0.2412109375 0.25420673125 0.236328125 0.26908052968749996 0.259765625 0.298828125 0.26171875 0.312349759375 0.28125 0.3150540859375 0.28515625 0.277193509375
0 0.57421875 0.35021033749999997 0.5859375 0.3420973546875 0.5859375 0.3312800484375 0.5712890625 0.310997596875 0.5576171875 0.310997596875 0.548828125 0.3231670671875 0.548828125 0.3366887015625 0.5576171875 0.346153846875 0.57421875 0.35021033749999997
0 0.865234375 0.4556790859375 0.8798828125 0.46514423125000004 0.904296875 0.46920072187499995 0.916015625 0.461087740625 0.919921875 0.44486177812500005 0.916015625 0.398888221875 0.8935546875 0.37860576875 0.8818359375 0.37860576875 0.873046875 0.390775240625 0.86328125 0.425931490625 0.865234375 0.4556790859375