0 0.46199981093750003 0.9457657515625 0.46084777656250003 0.9090778796875 0.4280147890625 0.8979120046875 0.3934537484375 0.8939241921875001 0.368685003125 0.8572363203125001 0.357740675 0.8205484468750001 0.343340240625 0.7947514484375 0.32433166875 0.821071009375 0.3427642234375 0.8513783828125 0.3640768640625 0.8880662546875 0.3629248296875 0.9119931296875 0.3830854359375 0.947883440625 0.4153424078125 0.9710127515625 0.444719290625 0.9654298156250001 0.46199981093750003 0.9457657515625
1 0 0.3739483171875 0.0244140625 0.3780048078125 0.0595703125 0.3563701921875 0.0947265625 0.361778846875 0.1064453125 0.3536658640625 0.111328125 0.3469050484375 0.1123046875 0.3212139421875 0.1259765625 0.3212139421875 0.14453125 0.3063401453125 0.14453125 0.2765925484375 0.1240234375 0.2590144234375 0.119140625 0.2603665859375 0.0615234375 0.28876201875 0.0341796875 0.32391826875 0.0048828125 0.34014423125 0 0.3469050484375 0 0.3739483171875
1 0.9228515625 0.2265625 0.9306640625 0.2265625 0.9521484375 0.25090144375 0.9697265625 0.26171875 0.9990234375 0.25631009531250004 1 0.20087139375000002 0.9892578125 0.19681490468750001 0.984375 0.18194110624999998 0.9716796875 0.1670673078125 0.9638671875 0.161658653125 0.947265625 0.1630108171875 0.9267578125 0.185997596875 0.9189453125 0.185997596875 0.8916015625 0.1670673078125 0.8603515625 0.169771634375 0.8310546875 0.185997596875 0.826171875 0.1981670671875 0.8388671875 0.2184495203125 0.8701171875 0.2373798078125 0.9052734375 0.24008413593750003 0.9228515625 0.2265625
0 0.6650390625 0.4347956734375 0.6806640625 0.41316105781249995 0.6904296875 0.4185697109375 0.697265625 0.43885216250000003 0.7060546875 0.44561298125000004 0.7353515625 0.4375 0.7490234375 0.42668269218750005 0.771484375 0.4280348546875 0.78125 0.390174278125 0.7666015625 0.364483171875 0.7529296875 0.3590745203125 0.7451171875 0.345552884375 0.7353515625 0.34014423125 0.681640625 0.336087740625 0.6767578125 0.34284855625 0.634765625 0.344200721875 0.63671875 0.3577223546875 0.623046875 0.3874699515625 0.625 0.41451322187499995 0.630859375 0.4226262015625 0.6298828125 0.4402043265625 0.6435546875 0.4402043265625 0.6494140625 0.43209134687499995 0.6650390625 0.4347956734375
0 0.58984375 0.749849759375 0.58984375 0.7795973546875 0.5986328125 0.783653846875 0.61328125 0.76337139375 0.619140625 0.736328125 0.630859375 0.7201021625 0.6328125 0.7092848546875 0.6025390625 0.6673677875 0.5927734375 0.6673677875 0.5771484375 0.6565504796875 0.5390625 0.609224759375 0.5302734375 0.6105769234375 0.509765625 0.6470853375 0.509765625 0.679537259375 0.5126953125 0.6862980765625 0.525390625 0.6903545671875 0.5068359375 0.6998197109375 0.50390625 0.714693509375 0.5205078125 0.7295673078125 0.5830078125 0.740384615625 0.58984375 0.749849759375
1 0.4814453125 0.5591947109375 0.421875 0.555138221875 0.416015625 0.560546875 0.42578125 0.5848858171875 0.423828125 0.5902944703124999 0.439453125 0.617337740625 0.458984375 0.7092848546875 0.4755859375 0.713341346875 0.478515625 0.6065204328125 0.486328125 0.5902944703124999 0.48828125 0.5686598546875 0.4814453125 0.5591947109375
1 0.798828125 0.5091646625 0.783203125 0.5875901453125 0.7880859375 0.599759615625 0.7998046875 0.6024639421875 0.8203125 0.5848858171875 0.833984375 0.55243389375 0.81640625 0.476712740625 0.7861328125 0.4375 0.78125 0.43885216250000003 0.798828125 0.5091646625
1 0.7421875 0.574068509375 0.736328125 0.5848858171875 0.7529296875 0.607872596875 0.767578125 0.5902944703124999 0.77734375 0.55243389375 0.7587890625 0.5186298078125 0.7421875 0.5145733171875 0.73828125 0.53350360625 0.7421875 0.574068509375
1 0.7280356046875001 0.639993565625 0.7421875 0.6281550484375 0.75 0.617337740625 0.7578125 0.5902944703124999 0.744140625 0.5767728375 0.724461228125 0.5966488375 0.7110573671875 0.6090330453125 0.7003342625 0.6177019968749999 0.694079128125 0.6220364640625 0.6882707781249999 0.6257517390625 0.681640625 0.6281550484375 0.681640625 0.6606069703124999 0.6976535046875 0.6591890890625 0.7137381484375 0.6505201375 0.7280356046875001 0.639993565625
0 0.6220703125 0.55108173125 0.6318359375 0.55108173125 0.63671875 0.5443209140625 0.638671875 0.4983473546875 0.642578125 0.490234375 0.6572265625 0.4753605765625 0.6708984375 0.4699519234375 0.7001953125 0.47265625 0.705078125 0.5010516828125 0.7138671875 0.5159254796875 0.7216796875 0.5186298078125 0.7265625 0.511868990625 0.7265625 0.48482572187499995 0.716796875 0.44426081718750005 0.7021484375 0.44290865312500005 0.6943359375 0.4212740390625 0.677734375 0.4172175484375 0.6650390625 0.4347956734375 0.6513671875 0.43209134687499995 0.6376953125 0.44290865312500005 0.6279296875 0.4402043265625 0.6181640625 0.4537259609375 0.5771484375 0.47265625 0.57421875 0.48212139374999996 0.607421875 0.5199819703124999 0.609375 0.5416165859375 0.6220703125 0.55108173125
1 0.5132905859375 0.458026703125 0.5350203609374999 0.4373763453125 0.5598543796875 0.41758644375 0.5766173375 0.410702996875 0.5915177218750001 0.395215240625 0.6002096515625001 0.384029628125 0.5921385906250001 0.3762857484375 0.578125 0.3766526453125 0.559233509375 0.37714618125 0.5361328125 0.38611778750000003 0.5146484375 0.39152644375 0.474609375 0.4226262015625 0.47265625 0.455078125 0.4794921875 0.48347355625 0.4873046875 0.4915865390625 0.49218167968750004 0.4950252296875 0.5039778546875 0.4950252296875 0.5064612281249999 0.4778166046875 0.5132905859375 0.458026703125
1 0.685546875 0.3063401453125 0.6767578125 0.2941706734375 0.6640625 0.29552283749999997 0.6025390625 0.32391826875 0.591796875 0.3469050484375 0.599609375 0.371243990625 0.6220703125 0.39152644375 0.630823109375 0.36013500625 0.6277113671875 0.3428848140625 0.6382912984375 0.34029730156250004 0.6494935984375 0.3394347890625 0.6712758609375 0.3385722765625 0.685546875 0.3063401453125
1 0.10689875156249999 0.47093191093750003 0.0666772015625 0.47472905 0.052965309375000005 0.5089033046875 0.026455650000000004 0.540546134375 0.009087253125 0.5278890015625 0 0.5456089859375 0.00177424375 0.5962375109375 0.007259001562500001 0.60889464375 0.02097089375 0.6063632171875 0.0493088046875 0.5835803796875 0.0776467140625 0.555734690625 0.12061064375 0.52282615 0.14346379843749998 0.48738618125000005 0.10689875156249999 0.47093191093750003