0 0.7451171875 0.6105769234375 0.75390625 0.5578425484375 0.7744140625 0.5159254796875 0.7861328125 0.513221153125 0.8173828125 0.48888221249999997 0.8232421875 0.48888221249999997 0.8310546875 0.505108171875 0.8427734375 0.513221153125 0.853515625 0.503756009375 0.85546875 0.4929387015625 0.84375 0.46048677812500005 0.7548828125 0.3536658640625 0.7333984375 0.3347355765625 0.70703125 0.3306790859375 0.6953125 0.37935697031250004 0.6953125 0.406400240625 0.685546875 0.43885216250000003 0.705078125 0.46048677812500005 0.703125 0.476712740625 0.7109375 0.5145733171875 0.720703125 0.5280949515625 0.732421875 0.5659555296875001 0.736328125 0.601111778125 0.7451171875 0.6105769234375
0 0.2607421875 0.6592548078125 0.2998046875 0.670072115625 0.3212890625 0.6565504796875 0.3798828125 0.6484375 0.390625 0.6389723546875 0.40234375 0.5875901453125 0.40234375 0.5578425484375 0.427734375 0.5226862984375 0.44140625 0.48482572187499995 0.44140625 0.46048677812500005 0.416015625 0.40910456718750005 0.4072265625 0.4050480765625 0.3876953125 0.372596153125 0.380859375 0.3739483171875 0.357421875 0.43073918281249995 0.357421875 0.46319110625000004 0.3427734375 0.4780649046875 0.3251953125 0.48347355625 0.31640625 0.4956430296875 0.31640625 0.503756009375 0.275390625 0.5632512015625 0.25390625 0.6200420671875 0.25390625 0.6497896625 0.2607421875 0.6592548078125
0 0.927734375 0.160306490625 0.927734375 0.14408052968750001 0.912109375 0.11433293281250001 0.9033203125 0.10757211562499999 0.8671875 0.1008112984375 0.86328125 0.1062199515625 0.86328125 0.13055889375000002 0.873046875 0.152193509375 0.875 0.179236778125 0.884765625 0.21168870156250003 0.8974609375 0.2265625 0.9306640625 0.20222355625000002 0.935546875 0.195462740625 0.935546875 0.179236778125 0.927734375 0.160306490625
0 0.6572265625 1 0.68359375 0.9797175484375 0.68359375 0.9716045671875 0.6728515625 0.9621394234375 0.6376953125 0.9486177874999999 0.6162109375 0.9513221156249999 0.587890625 0.9148137015625 0.591796875 0.9580829328125 0.576171875 0.9661959140624999 0.57421875 0.9905348546875 0.5771484375 0.994591346875 0.6083984375 0.99188701875 0.6162109375 1 0.6572265625 1
0 0.08203125 0.8282752406249999 0.083984375 0.812049278125 0.0771484375 0.8052884609375001 0.06640625 0.806640625 0.0556640625 0.8106971156249999 0.046875 0.8309795671875 0.03515625 0.8390925484375 0.037109375 0.882361778125 0.0556640625 0.9296875 0.0654296875 0.9378004796875 0.0830078125 0.9378004796875 0.099609375 0.9229266828125 0.099609375 0.876953125 0.08203125 0.8282752406249999
0 0.2412109375 0.5943509609375 0.265625 0.5713641828125 0.2890625 0.525390625 0.296875 0.48482572187499995 0.296875 0.41180889374999996 0.2900390625 0.40234375 0.2744140625 0.40775240312500005 0.2568359375 0.39693509531250004 0.23046875 0.398287259375 0.220703125 0.41451322187499995 0.220703125 0.43614783749999997 0.2138671875 0.44831730781249995 0.1650390625 0.451021634375 0.162109375 0.48212139374999996 0.140625 0.511868990625 0.150390625 0.5632512015625 0.1787109375 0.5970552890625 0.2060546875 0.6024639421875 0.2412109375 0.5943509609375
0 0.59375 0.37935697031250004 0.5810546875 0.3671875 0.576171875 0.36853966250000003 0.58203125 0.4036959140625 0.5908203125 0.40775240312500005 0.595703125 0.4009915859375 0.59375 0.37935697031250004
0 0.57421875 0.4280348546875 0.56640625 0.3820612984375 0.55859375 0.3739483171875 0.53515625 0.398287259375 0.53515625 0.419921875 0.5419921875 0.4375 0.57421875 0.4280348546875
0 0.5517578125 0.283353365625 0.5732421875 0.2806490390625 0.572265625 0.2549579328125 0.564453125 0.2387319703125 0.544921875 0.2333233171875 0.53125 0.2387319703125 0.53125 0.265775240625 0.5517578125 0.283353365625
0 0.3115234375 0.161658653125 0.3232421875 0.1670673078125 0.3623046875 0.161658653125 0.3671875 0.1548978375 0.3671875 0.1413762015625 0.357421875 0.11162860625 0.349609375 0.10892427812500001 0.296875 0.14408052968750001 0.3115234375 0.161658653125
0 0.8642578125 1 0.86328125 0.947265625 0.8408203125 0.924278846875 0.830078125 0.9229266828125 0.810546875 0.9580829328125 0.810546875 0.9905348546875 0.8193359375 1 0.8642578125 1
0 0.3291015625 0.372596153125 0.3564453125 0.3753004796875 0.359375 0.3469050484375 0.353515625 0.3252704328125 0.333984375 0.32256610625 0.318359375 0.327974759375 0.31640625 0.3523137015625 0.3291015625 0.372596153125
0 0.07421875 0.36853966250000003 0.04296875 0.3820612984375 0.04296875 0.4036959140625 0.0517578125 0.423978365625 0.0634765625 0.42668269218750005 0.0791015625 0.4212740390625 0.091796875 0.406400240625 0.09375 0.384765625 0.08984375 0.3739483171875 0.0830078125 0.3671875 0.07421875 0.36853966250000003
0 0.7587890625 0.74579326875 0.763671875 0.7309194703124999 0.740234375 0.701171875 0.73828125 0.687650240625 0.71875 0.6849459140625 0.71484375 0.722806490625 0.7236328125 0.732271634375 0.7587890625 0.74579326875
0 0.4140625 0.6687199515625 0.4287109375 0.689002403125 0.4423828125 0.689002403125 0.451171875 0.6768329328125 0.451171875 0.6633112984375 0.4423828125 0.653846153125 0.42578125 0.6497896625 0.4140625 0.6579026453125 0.4140625 0.6687199515625
0 0.095703125 0.530799278125 0.083984375 0.538912259375 0.080078125 0.555138221875 0.083984375 0.601111778125 0.1064453125 0.62139423125 0.1181640625 0.62139423125 0.126953125 0.609224759375 0.13671875 0.574068509375 0.134765625 0.5443209140625 0.1201171875 0.53485576875 0.095703125 0.530799278125