0 0.05078125 0.4469651453125 0.056640625 0.455078125 0.0615234375 0.4915865390625 0.0966796875 0.513221153125 0.111328125 0.511868990625 0.10546875 0.48212139374999996 0.0986328125 0.47265625 0.0673828125 0.44290865312500005 0.052734375 0.441556490625 0.05078125 0.4469651453125
0 0.1650390625 0.8918269234375 0.162109375 0.8985877406249999 0.16796875 0.9148137015625 0.166015625 0.9310396624999999 0.1708984375 0.935096153125 0.1982421875 0.932391828125 0.208984375 0.9202223546875 0.205078125 0.8877704328125 0.18359375 0.88506610625 0.1650390625 0.8918269234375
0 0.41015625 0.7552584140625 0.41015625 0.7741887015625 0.4267578125 0.786358171875 0.43359375 0.771484375 0.42578125 0.7471454328125 0.4150390625 0.732271634375 0.40625 0.7336237984375 0.40234375 0.74444110625 0.41015625 0.7552584140625
0 0.326171875 0.3955829328125 0.318359375 0.384765625 0.32421875 0.3577223546875 0.3193359375 0.33743990468749996 0.3115234375 0.34825721249999997 0.3017578125 0.3509615390625 0.2841796875 0.3347355765625 0.271484375 0.3306790859375 0.263671875 0.3387920671875 0.263671875 0.3469050484375 0.275390625 0.3604266828125 0.283203125 0.3874699515625 0.2783203125 0.40234375 0.2646484375 0.4050480765625 0.2626953125 0.41045673125000004 0.2861328125 0.415865384375 0.2919921875 0.40775240312500005 0.326171875 0.3955829328125
0 0.447265625 0.812049278125 0.4541015625 0.8215144234375 0.4765625 0.81475360625 0.46875 0.7768930296875001 0.4609375 0.7741887015625 0.4541015625 0.791766828125 0.443359375 0.793118990625 0.447265625 0.812049278125
0 0.1630859375 0.8701923078125 0.17578125 0.8580228375000001 0.173828125 0.8445012015625 0.1689453125 0.8404447109375001 0.138671875 0.836388221875 0.134765625 0.8526141828125 0.1494140625 0.8728966343750001 0.1630859375 0.8701923078125
0 0.2421875 0.3306790859375 0.2255859375 0.318509615625 0.2109375 0.319861778125 0.208984375 0.3333834140625 0.2158203125 0.34284855625 0.2353515625 0.34284855625 0.2421875 0.3306790859375
0 0.7939453125 0.6024639421875 0.7880859375 0.58623798125 0.779296875 0.5875901453125 0.7470703125 0.60516826875 0.74609375 0.6119290859375 0.8046875 0.609224759375 0.7939453125 0.6024639421875
0 0.623046875 0.3252704328125 0.61328125 0.3523137015625 0.6201171875 0.361778846875 0.63671875 0.3523137015625 0.634765625 0.3252704328125 0.623046875 0.3252704328125
0 0.2578125 0.530799278125 0.2529296875 0.5213341359375 0.2265625 0.5145733171875 0.224609375 0.5280949515625 0.2294921875 0.5402644234375 0.2470703125 0.5456730765625 0.2578125 0.530799278125
0 0.2353515625 0.4780649046875 0.23046875 0.48212139374999996 0.23046875 0.4956430296875 0.2353515625 0.502403846875 0.3095703125 0.5213341359375 0.314453125 0.5145733171875 0.318359375 0.48482572187499995 0.2998046875 0.46454326874999996 0.2890625 0.46319110625000004 0.2353515625 0.4780649046875
0 0.638671875 0.771484375 0.630859375 0.7795973546875 0.62890625 0.812049278125 0.6416015625 0.8188100953124999 0.6484375 0.7741887015625 0.638671875 0.771484375
0 0.2900390625 0.12109375 0.294921875 0.11433293281250001 0.2919921875 0.0940504796875 0.2822265625 0.088641828125 0.263671875 0.08999399062499999 0.259765625 0.1008112984375 0.2705078125 0.1156850953125 0.2900390625 0.12109375
0 0.34765625 0.13055889375000002 0.3427734375 0.1183894234375 0.33203125 0.11703725937500001 0.31640625 0.133263221875 0.3193359375 0.142728365625 0.3291015625 0.1454326921875 0.34765625 0.13055889375000002
0 0.169921875 0.490234375 0.1630859375 0.48076923125000004 0.140625 0.476712740625 0.140625 0.48482572187499995 0.1552734375 0.4996995203125 0.1630859375 0.502403846875 0.169921875 0.490234375
0 0.1728515625 0.4753605765625 0.189453125 0.455078125 0.19140625 0.4469651453125 0.1865234375 0.4402043265625 0.169921875 0.441556490625 0.1533203125 0.4537259609375 0.150390625 0.46319110625000004 0.1728515625 0.4753605765625
0 0.2216796875 0.8079927874999999 0.2265625 0.7985276453125 0.22265625 0.7877103375 0.2177734375 0.7809495203125 0.208984375 0.7823016828125 0.205078125 0.7958233171875 0.2138671875 0.8079927874999999 0.2216796875 0.8079927874999999
0 0.0556640625 0.572716346875 0.060546875 0.5659555296875001 0.060546875 0.55243389375 0.0537109375 0.54296875 0.044921875 0.5416165859375 0.0390625 0.5632512015625 0.0478515625 0.572716346875 0.0556640625 0.572716346875
0 0.43359375 0.574068509375 0.431640625 0.5497295671875 0.42578125 0.547025240625 0.412109375 0.5984074515625 0.4189453125 0.6105769234375 0.427734375 0.601111778125 0.43359375 0.574068509375
0 0.4130859375 0.6619591359375 0.408203125 0.6687199515625 0.404296875 0.679537259375 0.4072265625 0.689002403125 0.4345703125 0.689002403125 0.443359375 0.679537259375 0.4423828125 0.6673677875 0.4326171875 0.6592548078125 0.423828125 0.6606069703124999 0.4130859375 0.6619591359375
0 0.2294921875 0.16436298124999998 0.216796875 0.1657151453125 0.2060546875 0.1670673078125 0.201171875 0.173828125 0.203125 0.187349759375 0.2314453125 0.2103365390625 0.2568359375 0.1941105765625 0.2783203125 0.19681490468750001 0.283203125 0.1900540859375 0.2822265625 0.177884615625 0.2587890625 0.1805889421875 0.2294921875 0.16436298124999998
0 0.912109375 0.74444110625 0.9130859375 0.76472355625 0.9228515625 0.767427884375 0.935546875 0.7606670671875 0.9287109375 0.74579326875 0.912109375 0.74444110625
0 0.619140625 0.8661358171875 0.6240234375 0.8728966343750001 0.6376953125 0.8701923078125 0.654296875 0.8499098546875 0.6533203125 0.8431490390624999 0.6455078125 0.8431490390624999 0.6298828125 0.85126201875 0.6240234375 0.8404447109375001 0.6171875 0.841796875 0.619140625 0.8661358171875
0 0.703125 0.8526141828125 0.6982421875 0.8350360578125 0.685546875 0.83368389375 0.677734375 0.8390925484375 0.6806640625 0.85126201875 0.6943359375 0.8566706734375 0.703125 0.8526141828125
0 0.421875 0.806640625 0.4189453125 0.7890625 0.39453125 0.7823016828125 0.384765625 0.7985276453125 0.3896484375 0.8079927874999999 0.4130859375 0.81610576875 0.421875 0.806640625
0 0.38671875 0.5713641828125 0.38671875 0.5578425484375 0.376953125 0.55243389375 0.36328125 0.5632512015625 0.3720703125 0.578125 0.3818359375 0.578125 0.38671875 0.5713641828125
0 0.341796875 0.582181490625 0.3369140625 0.57001201875 0.33203125 0.5713641828125 0.3154296875 0.5754206734375 0.30859375 0.5875901453125 0.3310546875 0.5970552890625 0.341796875 0.582181490625
0 0.2734375 0.671424278125 0.26953125 0.644381009375 0.251953125 0.6416766828125 0.2421875 0.6470853375 0.2421875 0.6606069703124999 0.2685546875 0.6781850953124999 0.2734375 0.671424278125
0 0.361328125 0.6903545671875 0.357421875 0.695763221875 0.3603515625 0.7079326921875 0.3671875 0.701171875 0.3671875 0.69305889375 0.361328125 0.6903545671875
0 0.205078125 0.547025240625 0.205078125 0.560546875 0.2119140625 0.5673076921875 0.22265625 0.5578425484375 0.2177734375 0.5456730765625 0.205078125 0.547025240625