3 0.023255728125 0.41160305625 0.047017015625000005 0.4123030609375 0.047017015625000005 0.3990029625 0.0348835921875 0.38290284375 0.026794643750000003 0.356302646875 0.0096056265625 0.32970245 0.0005055593750000001 0.302402246875 0 0.36750272968750003 0.002527796875 0.4004029734375 0.023255728125 0.41160305625
0 0.8913219 0.54449916875 0.9206202828125001 0.5544155453124999 0.9329907109375 0.57244531875 0.950569740625 0.575149784375 0.9544761906250001 0.5490066125 0.96749769375 0.48860686875 0.96098694375 0.4372220140625 0.9355950109375 0.40026097812500006 0.9388503874999999 0.37862524999999997 0.9069477046875001 0.37231482968749996 0.8763471718750001 0.37231482968749996 0.8418401875000001 0.3696103625 0.8463977140625 0.38403418125 0.8346783609375 0.44623690156249995 0.8236100828125 0.48860686875 0.8418401875000001 0.5129470640625 0.8913219 0.54449916875
0 0.765625 0.5719651453125 0.7294921875 0.5597956734375 0.7265625 0.5963040859375 0.7109375 0.6233473546875 0.7197265625 0.6409254796875 0.748046875 0.6395733171875 0.755859375 0.628756009375 0.7578125 0.5963040859375 0.765625 0.5827824515625 0.765625 0.5719651453125
0 0.845703125 0.0905949515625 0.8193359375 0.0621995203125 0.794921875 0.0987079328125 0.794921875 0.1203425484375 0.80078125 0.1338641828125 0.794921875 0.1500901453125 0.8076171875 0.170372596875 0.8173828125 0.170372596875 0.8271484375 0.162259615625 0.861328125 0.171724759375 0.865234375 0.158203125 0.853515625 0.136568509375 0.853515625 0.11493389375 0.845703125 0.0905949515625
0 0.9169921875 0.1947115390625 0.8955078125 0.1920072125 0.8818359375 0.2001201921875 0.876953125 0.2095853375 0.8671875 0.2609675484375 0.896484375 0.2663762015625 0.9150390625 0.2650240390625 0.923828125 0.250150240625 0.923828125 0.2014723546875 0.9169921875 0.1947115390625
0 0.9482421875 0.849158653125 0.9169921875 0.8302283656249999 0.9072265625 0.814002403125 0.8740234375 0.7869591359375 0.8623046875 0.7842548078125 0.85546875 0.7937199515625 0.85546875 0.8126502406249999 0.861328125 0.8315805296875001 0.849609375 0.8640324515625 0.8515625 0.8802584140624999 0.8642578125 0.9005408640624999 0.8759765625 0.908653846875 0.900390625 0.9100060093750001 0.9228515625 0.8816105765625 0.9521484375 0.87890625 0.9609375 0.866736778125 0.9482421875 0.849158653125
3 0.3857421875 0.7842548078125 0.3828125 0.7883112984375 0.384765625 0.8126502406249999 0.4052734375 0.8302283656249999 0.412109375 0.8288762015625 0.416015625 0.81805889375 0.408203125 0.796424278125 0.3955078125 0.7842548078125 0.3857421875 0.7842548078125
0 0.142578125 0.3664362984375 0.1201171875 0.32451923125 0.1064453125 0.31640625 0.0908203125 0.3191105765625 0.076171875 0.333984375 0.064453125 0.3799579328125 0.056640625 0.3880709140625 0.05859375 0.417818509375 0.076171875 0.4421574515625 0.072265625 0.46379206718750005 0.1083984375 0.4786658640625 0.1318359375 0.4786658640625 0.1416015625 0.494891828125 0.16015625 0.49894831718750005 0.181640625 0.474609375 0.177734375 0.42863581718750005 0.154296875 0.4124098546875 0.142578125 0.3664362984375
0 0.1025390625 0.5003004796875 0.0908203125 0.4840745203125 0.0830078125 0.4840745203125 0.0546875 0.51787860625 0.0703125 0.566556490625 0.0771484375 0.5787259609375 0.083984375 0.580078125 0.10546875 0.5746694703124999 0.123046875 0.5205829328125 0.1142578125 0.5003004796875 0.1025390625 0.5003004796875
0 0.7373046875 0.0784254796875 0.7236328125 0.075721153125 0.703125 0.09600360625 0.701171875 0.11493389375 0.7109375 0.1203425484375 0.7353515625 0.11899038437500001 0.74609375 0.10952524062499999 0.74609375 0.0987079328125 0.7373046875 0.0784254796875
3 0.041130704687500005 0.0911203296875 0.031876295312500004 0.11817167656250001 0 0.1267142078125 0.0010282671875 0.1651555953125 0 0.226377065625 0.0041130703125 0.2605471890625 0.03907416875 0.23207208750000002 0.069922196875 0.21783453593750002 0.0915158171875 0.18224065625000002 0.1100246328125 0.146646778125 0.1161942390625 0.12813796093750002 0.108996365625 0.0726115125 0.07506353437499999 0.044136409375000005 0.055526450000000005 0.044136409375000005 0.041130704687500005 0.0911203296875
3 0.226218871875 0.12101918593750001 0.23855808281250002 0.10393412500000002 0.2210775328125 0.07118775625 0.23958635 0.029898857812500002 0.24369942187500002 0.007118774999999999 0.2066817859375 0.0056950203125 0.158353209375 0.0014237546875 0.14498573125 0 0.1665793515625 0.0469839203125 0.1820033640625 0.075459021875 0.2025687171875 0.10820539062500001 0.226218871875 0.12101918593750001
3 0.3002541390625 0.03986514375 0.2796887859375 0.018508817187500002 0.253982096875 0.0242038375 0.2498690265625 0.059797715625000004 0.2724909140625 0.075459021875 0.2971693359375 0.061221470312500005 0.3002541390625 0.03986514375
3 0.27858609843750004 0.5065671234375 0.2819425578125 0.583249303125 0.36921049375 0.601838921875 0.449765509375 0.5693070890625 0.46822603437500004 0.5065671234375 0.44137436250000006 0.46009307499999996 0.39270570625 0.44150345625 0.32725475625 0.44615086093749995 0.27858609843750004 0.5065671234375
3 0.7006585671875001 0.849267253125 0.6881872984374999 0.8006031421875001 0.6439709796875001 0.8194408624999999 0.6519072421875001 0.8555464953125 0.6723147734375 0.8696747859375 0.7006585671875001 0.849267253125
0 0.5816146359375 0.7268220671875001 0.5782133796875 0.7597880796875 0.6088246765625 0.7817654218750001 0.6417034765625 0.7849050421875 0.6779835328125 0.7833352312499999 0.6893210484375001 0.7597880796875 0.6949898078125 0.7456597890625 0.6813847875000001 0.7064145374999999 0.6326334640625 0.6875768156250001 0.6008884140624999 0.692286246875 0.5816146359375 0.7268220671875001
3 0.9478164437500001 0.9827011109375 0.9931665125 0.9717124421875001 1 0.9481652890625 0.9931665125 0.902640796875 0.9602877124999999 0.8979313671875 0.91607139375 0.9246181390625001 0.9149376437500001 0.9622935796875 0.9478164437500001 0.9827011109375
3 0.505859375 0.742337740625 0.5126953125 0.751802884375 0.51953125 0.750450721875 0.529296875 0.7369290859375 0.5146484375 0.724759615625 0.5078125 0.7315204328125 0.505859375 0.742337740625
0 0.84765625 0.5990084140625 0.84765625 0.6206430296875001 0.853515625 0.6449819703124999 0.859375 0.6449819703124999 0.8671875 0.636868990625 0.869140625 0.609825721875 0.8583984375 0.5733173078125 0.84765625 0.5990084140625
0 0.8427734375 0.654447115625 0.8515625 0.6530949515625 0.85546875 0.6422776453125 0.8427734375 0.627403846875 0.833984375 0.6476862984375 0.8427734375 0.654447115625
3 0.69140625 0.93975360625 0.69140625 0.9505709140624999 0.7001953125 0.9627403843750001 0.720703125 0.966796875 0.724609375 0.9532752406249999 0.7158203125 0.94110576875 0.7060546875 0.9356971156249999 0.69140625 0.93975360625