0 0.6572357765625 0.1486216171875 0.6359231359375 0.1119337453125 0.6370751703125 0.0880068703125 0.6169145640625 0.052116559375 0.5846575921875 0.0289872484375 0.5552807093750001 0.034570184375 0.5380001890624999 0.0542342484375 0.5391522234374999 0.0909221203125 0.5719852109375 0.10208799531249999 0.6065462515625 0.10607580781249999 0.631314996875 0.14276367968749998 0.642259325 0.179451553125 0.656659759375 0.2052485515625 0.67566833125 0.178928990625 0.6572357765625 0.1486216171875
1 1 0.6260516828125 0.9755859375 0.6219951921875 0.9404296875 0.6436298078125 0.9052734375 0.638221153125 0.8935546875 0.6463341359375 0.888671875 0.6530949515625 0.8876953125 0.6787860578125 0.8740234375 0.6787860578125 0.85546875 0.6936598546875 0.85546875 0.7234074515625 0.8759765625 0.7409855765625 0.880859375 0.7396334140625 0.9384765625 0.71123798125 0.9658203125 0.67608173125 0.9951171875 0.65985576875 1 0.6530949515625 1 0.6260516828125
1 0.1396484375 0.8302283656249999 0.1689453125 0.814002403125 0.173828125 0.8018329328125 0.1611328125 0.7815504796875 0.1298828125 0.7626201921875 0.0947265625 0.7599158640625 0.0771484375 0.7734375 0.0693359375 0.7734375 0.0478515625 0.74909855625 0.0302734375 0.73828125 0.0009765625 0.7436899046875001 0 0.79912860625 0.0107421875 0.8031850953124999 0.015625 0.81805889375 0.0283203125 0.8329326921875 0.0361328125 0.838341346875 0.052734375 0.8369891828125 0.0732421875 0.814002403125 0.0810546875 0.814002403125 0.1083984375 0.8329326921875 0.1396484375 0.8302283656249999
0 0.376953125 0.6125300484375 0.375 0.585486778125 0.369140625 0.5773737984375 0.3701171875 0.5597956734375 0.3564453125 0.5597956734375 0.3505859375 0.567908653125 0.3349609375 0.5652043265625 0.3193359375 0.5868389421875 0.3095703125 0.5814302890625 0.302734375 0.5611478375 0.2939453125 0.55438701875 0.2646484375 0.5625 0.2509765625 0.5733173078125 0.228515625 0.5719651453125 0.21875 0.609825721875 0.2333984375 0.635516828125 0.2470703125 0.6409254796875 0.2548828125 0.654447115625 0.2646484375 0.65985576875 0.318359375 0.663912259375 0.3232421875 0.65715144375 0.365234375 0.655799278125 0.36328125 0.6422776453125 0.376953125 0.6125300484375
0 0.4873046875 0.3137019234375 0.474609375 0.3096454328125 0.4931640625 0.3001802890625 0.49609375 0.285306490625 0.4794921875 0.2704326921875 0.4169921875 0.259615384375 0.41015625 0.250150240625 0.41015625 0.2204026453125 0.4013671875 0.216346153125 0.38671875 0.23662860624999998 0.380859375 0.263671875 0.369140625 0.27989783749999997 0.3671875 0.2907151453125 0.3974609375 0.33263221249999997 0.4072265625 0.33263221249999997 0.4228515625 0.3434495203125 0.4609375 0.390775240625 0.4697265625 0.3894230765625 0.490234375 0.35291466250000003 0.490234375 0.320462740625 0.4873046875 0.3137019234375
1 0.560546875 0.382662259375 0.541015625 0.2907151453125 0.5244140625 0.286658653125 0.521484375 0.3934795671875 0.513671875 0.4097055296875 0.51171875 0.4313401453125 0.5185546875 0.4408052890625 0.578125 0.44486177812500005 0.583984375 0.439453125 0.57421875 0.41511418281249995 0.576171875 0.4097055296875 0.560546875 0.382662259375
1 0.2001953125 0.3975360578125 0.1796875 0.41511418281249995 0.166015625 0.44756610625000004 0.18359375 0.523287259375 0.2138671875 0.5625 0.21875 0.5611478375 0.201171875 0.49083533749999997 0.216796875 0.4124098546875 0.2119140625 0.400240384375 0.2001953125 0.3975360578125
1 0.2470703125 0.392127403125 0.232421875 0.4097055296875 0.22265625 0.44756610625000004 0.2412109375 0.48137019218750005 0.2578125 0.48542668281249995 0.26171875 0.46649639374999996 0.2578125 0.425931490625 0.263671875 0.41511418281249995 0.2470703125 0.392127403125
1 0.305920871875 0.3779635359375 0.31172922187499996 0.3742482609375 0.318359375 0.3718449515625 0.318359375 0.33939302968749996 0.3023464953125 0.3408109109375 0.2862618515625 0.3494798625 0.2719643953125 0.360006434375 0.2578125 0.3718449515625 0.25 0.382662259375 0.2421875 0.4097055296875 0.255859375 0.42322716250000003 0.27553877187500003 0.4033511625 0.2889426328125 0.3909669546875 0.2996657375 0.382298003125 0.305920871875 0.3779635359375
0 0.3720703125 0.5597956734375 0.3818359375 0.5462740390625 0.4228515625 0.52734375 0.42578125 0.51787860625 0.392578125 0.4800180296875 0.390625 0.4583834140625 0.3779296875 0.44891826874999996 0.3681640625 0.44891826874999996 0.36328125 0.4556790859375 0.361328125 0.5016526453125 0.357421875 0.509765625 0.3427734375 0.5246394234375 0.3291015625 0.5300480765625 0.2998046875 0.52734375 0.294921875 0.49894831718750005 0.2861328125 0.4840745203125 0.2783203125 0.48137019218750005 0.2734375 0.488131009375 0.2734375 0.515174278125 0.283203125 0.5557391828125 0.2978515625 0.557091346875 0.3056640625 0.5787259609375 0.322265625 0.5827824515625 0.3349609375 0.5652043265625 0.3486328125 0.567908653125 0.3623046875 0.557091346875 0.3720703125 0.5597956734375
1 0.52734375 0.544921875 0.5205078125 0.51652644375 0.5126953125 0.5084134609375 0.5078183203125 0.5049747703125 0.49602214531250005 0.5049747703125 0.49353877187500006 0.5221833953125 0.4867094140625 0.541973296875 0.4649796390625 0.5626236546875 0.4401456203125 0.58241355625 0.4233826625 0.589297003125 0.408482278125 0.604784759375 0.3997903484375 0.615970371875 0.407861409375 0.6237142515625 0.421875 0.6233473546875 0.440766490625 0.62285381875 0.4638671875 0.6138822125 0.4853515625 0.60847355625 0.525390625 0.5773737984375 0.52734375 0.544921875
1 0.3779296875 0.60847355625 0.36917689062500003 0.63986499375 0.3722886328125 0.6571151859375 0.3617087015625 0.6597026984375 0.3505064015625 0.6605652109375 0.32872413906250003 0.6614277234375 0.314453125 0.6936598546875 0.3232421875 0.7058293265625 0.3359375 0.7044771625 0.3974609375 0.67608173125 0.408203125 0.6530949515625 0.400390625 0.628756009375 0.3779296875 0.60847355625
1 0.9927409984375 0.39110535625 0.97902910625 0.3936367828125 0.9506911953125 0.4164196203125 0.9223532859375 0.444265309375 0.8793893562499999 0.47717384999999995 0.8565362015625 0.51261381875 0.8931012484374999 0.5290680890624999 0.9333227984375 0.52527095 0.947034690625 0.49109669531250005 0.9735443500000001 0.459453865625 0.9909127468750001 0.47211099843750004 1 0.4543910140625 0.9982257562499999 0.40376248906249995 0.9927409984375 0.39110535625