0 0.9033203125 0.48677884687499995 0.888671875 0.488131009375 0.89453125 0.51787860625 0.9013671875 0.52734375 0.9326171875 0.557091346875 0.947265625 0.558443509375 0.94921875 0.5530348546875 0.943359375 0.544921875 0.9384765625 0.5084134609375 0.9033203125 0.48677884687499995
0 0.833984375 0.0689603375 0.8291015625 0.064903846875 0.8017578125 0.067608171875 0.791015625 0.0797776453125 0.794921875 0.11222956718749999 0.81640625 0.11493389375 0.8349609375 0.1081730765625 0.837890625 0.10141225937500001 0.83203125 0.0851862984375 0.833984375 0.0689603375
0 0.5732421875 0.21364182812500002 0.56640625 0.228515625 0.57421875 0.2528545671875 0.5849609375 0.267728365625 0.59375 0.2663762015625 0.59765625 0.25555889375 0.58984375 0.2447415859375 0.58984375 0.22581129843749997 0.5732421875 0.21364182812500002
0 0.716796875 0.6125300484375 0.7216796875 0.59765625 0.7353515625 0.5949519234375 0.7373046875 0.58954326875 0.7138671875 0.584134615625 0.7080078125 0.592247596875 0.673828125 0.6044170671875 0.681640625 0.615234375 0.67578125 0.6422776453125 0.6806640625 0.6625600953124999 0.6884765625 0.6517427875 0.6982421875 0.6490384609375 0.7158203125 0.6652644234375 0.728515625 0.6693209140625 0.736328125 0.6612079328125 0.736328125 0.6530949515625 0.724609375 0.6395733171875 0.716796875 0.6125300484375
0 0.5458984375 0.1784855765625 0.5234375 0.18524639375000002 0.53125 0.2231069703125 0.5390625 0.22581129843749997 0.5458984375 0.20823317187499998 0.556640625 0.20688100937499998 0.552734375 0.187950721875 0.5458984375 0.1784855765625
0 0.82421875 0.1419771625 0.826171875 0.1554987984375 0.8310546875 0.1595552890625 0.861328125 0.163611778125 0.865234375 0.1473858171875 0.8505859375 0.127103365625 0.8369140625 0.1298076921875 0.82421875 0.1419771625
0 0.7578125 0.6693209140625 0.7744140625 0.681490384375 0.7890625 0.680138221875 0.791015625 0.6666165859375 0.7841796875 0.65715144375 0.7646484375 0.65715144375 0.7578125 0.6693209140625
0 0.2060546875 0.3975360578125 0.2119140625 0.41376201874999996 0.220703125 0.4124098546875 0.2529296875 0.39483173125 0.25390625 0.3880709140625 0.1953125 0.390775240625 0.2060546875 0.3975360578125
0 0.365234375 0.6747295671875 0.376953125 0.6747295671875 0.38671875 0.6476862984375 0.3798828125 0.638221153125 0.36328125 0.6476862984375 0.365234375 0.6747295671875
0 0.7421875 0.46920072187499995 0.7470703125 0.4786658640625 0.7734375 0.48542668281249995 0.775390625 0.4719050484375 0.7705078125 0.4597355765625 0.7529296875 0.4543269234375 0.7421875 0.46920072187499995
0 0.7646484375 0.49759615312500005 0.6904296875 0.4786658640625 0.685546875 0.48542668281249995 0.681640625 0.515174278125 0.7001953125 0.53545673125 0.7109375 0.53680889375 0.7646484375 0.5219350953124999 0.76953125 0.51787860625 0.76953125 0.5043569703124999 0.7646484375 0.49759615312500005
0 0.3515625 0.22581129843749997 0.361328125 0.228515625 0.369140625 0.2204026453125 0.37109375 0.187950721875 0.3583984375 0.18118990468750001 0.3515625 0.22581129843749997
0 0.705078125 0.8856670671875 0.7080078125 0.9059495203125 0.7177734375 0.911358171875 0.736328125 0.9100060093750001 0.740234375 0.8991887015625 0.7294921875 0.8843149046875001 0.7099609375 0.87890625 0.705078125 0.8856670671875
0 0.65234375 0.86944110625 0.6572265625 0.8816105765625 0.66796875 0.8829627406249999 0.68359375 0.866736778125 0.6806640625 0.8572716343750001 0.6708984375 0.8545673078125 0.65234375 0.86944110625
0 0.830078125 0.509765625 0.8369140625 0.51923076875 0.859375 0.523287259375 0.859375 0.515174278125 0.8447265625 0.5003004796875 0.8369140625 0.49759615312500005 0.830078125 0.509765625
0 0.810546875 0.544921875 0.80859375 0.5530348546875 0.8134765625 0.5597956734375 0.830078125 0.558443509375 0.8466796875 0.5462740390625 0.849609375 0.53680889375 0.8271484375 0.5246394234375 0.810546875 0.544921875
0 0.7734375 0.2014723546875 0.77734375 0.2122896625 0.7822265625 0.2190504796875 0.791015625 0.2176983171875 0.794921875 0.2041766828125 0.7861328125 0.1920072125 0.7783203125 0.1920072125 0.7734375 0.2014723546875
0 0.939453125 0.4340444703125 0.939453125 0.44756610625000004 0.9462890625 0.45703125 0.955078125 0.4583834140625 0.9609375 0.4367487984375 0.9521484375 0.42728365312500005 0.9443359375 0.42728365312500005 0.939453125 0.4340444703125
0 0.56640625 0.425931490625 0.568359375 0.45027043281249995 0.57421875 0.452974759375 0.587890625 0.4015925484375 0.5810546875 0.3894230765625 0.572265625 0.398888221875 0.56640625 0.425931490625
0 0.5927734375 0.310997596875 0.5654296875 0.310997596875 0.556640625 0.320462740625 0.5576171875 0.33263221249999997 0.5673828125 0.3407451921875 0.576171875 0.33939302968749996 0.5869140625 0.3380408640625 0.591796875 0.3312800484375 0.595703125 0.320462740625 0.5927734375 0.310997596875
0 0.7685546875 0.7896634609375 0.7431640625 0.8058894234375 0.7216796875 0.8031850953124999 0.716796875 0.8099459140624999 0.7177734375 0.8221153843750001 0.7412109375 0.8194110578125 0.7705078125 0.83563701875 0.783203125 0.8342848546875 0.7939453125 0.8329326921875 0.798828125 0.826171875 0.796875 0.8126502406249999 0.7685546875 0.7896634609375
0 0.0712890625 0.25420673125 0.087890625 0.25555889375 0.0869140625 0.23527644374999998 0.0771484375 0.23257211562500002 0.064453125 0.2393329328125 0.0712890625 0.25420673125
0 0.345703125 0.1500901453125 0.3466796875 0.1568509609375 0.3544921875 0.1568509609375 0.3701171875 0.14873798124999998 0.3759765625 0.1595552890625 0.3828125 0.158203125 0.380859375 0.1338641828125 0.3759765625 0.127103365625 0.3623046875 0.1298076921875 0.345703125 0.1500901453125
0 0.296875 0.1473858171875 0.3017578125 0.1649639421875 0.314453125 0.16631610624999998 0.322265625 0.1609074515625 0.3193359375 0.14873798124999998 0.3056640625 0.1433293265625 0.296875 0.1473858171875
0 0.578125 0.193359375 0.5810546875 0.2109375 0.60546875 0.2176983171875 0.615234375 0.2014723546875 0.6103515625 0.1920072125 0.5869140625 0.18389423124999998 0.578125 0.193359375
0 0.61328125 0.42863581718750005 0.61328125 0.4421574515625 0.623046875 0.44756610625000004 0.63671875 0.4367487984375 0.6279296875 0.421875 0.6181640625 0.421875 0.61328125 0.42863581718750005
0 0.658203125 0.417818509375 0.6630859375 0.42998798125000004 0.66796875 0.42863581718750005 0.6845703125 0.4245793265625 0.69140625 0.4124098546875 0.6689453125 0.4029447109375 0.658203125 0.417818509375
0 0.7265625 0.328575721875 0.73046875 0.355618990625 0.748046875 0.3583233171875 0.7578125 0.35291466250000003 0.7578125 0.33939302968749996 0.7314453125 0.32181490468749996 0.7265625 0.328575721875
0 0.6328125 0.30694110625 0.638671875 0.3096454328125 0.642578125 0.304236778125 0.6396484375 0.2920673078125 0.6328125 0.298828125 0.6328125 0.30694110625
0 0.7822265625 0.4543269234375 0.794921875 0.452974759375 0.794921875 0.439453125 0.7880859375 0.43269230781249995 0.77734375 0.4421574515625 0.7822265625 0.4543269234375