3 0.026794643750000003 0.643697353125 0.0348835921875 0.6170971562500001 0.047017015625000005 0.6009970375 0.047017015625000005 0.5876969390625 0.023255728125 0.5883969437500001 0.002527796875 0.5995970265625 0 0.6324972703125 0.0005055593750000001 0.6975977531249999 0.0096056265625 0.67029755 0.026794643750000003 0.643697353125
0 0.8418401875000001 0.6303896375 0.8763471718750001 0.6276851703124999 0.9069477046875001 0.6276851703124999 0.9388503874999999 0.62137475 0.9355950109375 0.599739021875 0.96098694375 0.5627779859375 0.96749769375 0.51139313125 0.9544761906250001 0.45099338749999995 0.950569740625 0.42485021562499997 0.9329907109375 0.42755468125 0.9206202828125001 0.4455844546875 0.8913219 0.45550083125 0.8418401875000001 0.48705293593750004 0.8236100828125 0.51139313125 0.8346783609375 0.5537630984375 0.8463977140625 0.61596581875 0.8418401875000001 0.6303896375
0 0.7197265625 0.3590745203125 0.7109375 0.3766526453125 0.7265625 0.4036959140625 0.7294921875 0.4402043265625 0.765625 0.4280348546875 0.765625 0.4172175484375 0.7578125 0.4036959140625 0.755859375 0.371243990625 0.748046875 0.3604266828125 0.7197265625 0.3590745203125
0 0.8271484375 0.8377403843750001 0.8173828125 0.829627403125 0.8076171875 0.829627403125 0.794921875 0.8499098546875 0.80078125 0.8661358171875 0.794921875 0.8796574515625 0.794921875 0.9012920671875 0.8193359375 0.9378004796875 0.845703125 0.9094050484375 0.853515625 0.88506610625 0.853515625 0.8634314906249999 0.865234375 0.841796875 0.861328125 0.8282752406249999 0.8271484375 0.8377403843750001
0 0.8671875 0.7390324515625 0.876953125 0.7904146625 0.8818359375 0.7998798078125 0.8955078125 0.8079927874999999 0.9169921875 0.8052884609375001 0.923828125 0.7985276453125 0.923828125 0.749849759375 0.9150390625 0.7349759609375 0.896484375 0.7336237984375 0.8671875 0.7390324515625
0 0.8759765625 0.091346153125 0.8642578125 0.0994591359375 0.8515625 0.11974158593749999 0.849609375 0.1359675484375 0.861328125 0.16841947031249999 0.85546875 0.187349759375 0.85546875 0.20628004843749997 0.8623046875 0.2157451921875 0.8740234375 0.21304086406249997 0.9072265625 0.185997596875 0.9169921875 0.169771634375 0.9482421875 0.150841346875 0.9609375 0.133263221875 0.9521484375 0.12109375 0.9228515625 0.1183894234375 0.900390625 0.08999399062499999 0.8759765625 0.091346153125
3 0.4052734375 0.169771634375 0.384765625 0.187349759375 0.3828125 0.21168870156250003 0.3857421875 0.2157451921875 0.3955078125 0.2157451921875 0.408203125 0.203575721875 0.416015625 0.18194110624999998 0.412109375 0.1711237984375 0.4052734375 0.169771634375
0 0.1416015625 0.505108171875 0.1318359375 0.5213341359375 0.1083984375 0.5213341359375 0.072265625 0.5362079328125 0.076171875 0.5578425484375 0.05859375 0.582181490625 0.056640625 0.6119290859375 0.064453125 0.6200420671875 0.076171875 0.666015625 0.0908203125 0.6808894234375 0.1064453125 0.68359375 0.1201171875 0.67548076875 0.142578125 0.6335637015625 0.154296875 0.5875901453125 0.177734375 0.5713641828125 0.181640625 0.525390625 0.16015625 0.5010516828125 0.1416015625 0.505108171875
0 0.0771484375 0.4212740390625 0.0703125 0.433443509375 0.0546875 0.48212139374999996 0.0830078125 0.5159254796875 0.0908203125 0.5159254796875 0.1025390625 0.4996995203125 0.1142578125 0.4996995203125 0.123046875 0.47941706718750005 0.10546875 0.4253305296875 0.083984375 0.419921875 0.0771484375 0.4212740390625
0 0.701171875 0.88506610625 0.703125 0.90399639375 0.7236328125 0.924278846875 0.7373046875 0.9215745203125 0.74609375 0.9012920671875 0.74609375 0.8904747593750001 0.7353515625 0.8810096156249999 0.7109375 0.8796574515625 0.701171875 0.88506610625
3 0.1100246328125 0.8533532218750001 0.0915158171875 0.81775934375 0.069922196875 0.7821654640625 0.03907416875 0.7679279125 0.0041130703125 0.7394528109375 0 0.773622934375 0.0010282671875 0.8348444046875001 0 0.8732857921875 0.031876295312500004 0.8818283234375001 0.041130704687500005 0.9088796703125 0.055526450000000005 0.955863590625 0.07506353437499999 0.955863590625 0.108996365625 0.9273884875 0.1161942390625 0.8718620390625 0.1100246328125 0.8533532218750001
3 0.158353209375 0.9985762453125 0.2066817859375 0.9943049796875 0.24369942187500002 0.992881225 0.23958635 0.9701011421875 0.2210775328125 0.92881224375 0.23855808281250002 0.896065875 0.226218871875 0.8789808140625001 0.2025687171875 0.891794609375 0.1820033640625 0.924540978125 0.1665793515625 0.9530160796875 0.14498573125 1 0.158353209375 0.9985762453125
3 0.2796887859375 0.9814911828125 0.3002541390625 0.9601348562500001 0.2971693359375 0.9387785296875 0.2724909140625 0.924540978125 0.2498690265625 0.940202284375 0.253982096875 0.9757961625 0.2796887859375 0.9814911828125
3 0.449765509375 0.4306929109375 0.36921049375 0.398161078125 0.2819425578125 0.416750696875 0.27858609843750004 0.49343287656249996 0.32725475625 0.5538491390625 0.39270570625 0.55849654375 0.44137436250000006 0.539906925 0.46822603437500004 0.49343287656249996 0.449765509375 0.4306929109375
3 0.7006585671875001 0.150732746875 0.6723147734375 0.1303252140625 0.6519072421875001 0.1444535046875 0.6439709796875001 0.18055913750000002 0.6881872984374999 0.1993968578125 0.7006585671875001 0.150732746875
0 0.6893210484375001 0.2402119203125 0.6779835328125 0.21666476875 0.6417034765625 0.21509495781250002 0.6088246765625 0.218234578125 0.5782133796875 0.2402119203125 0.5816146359375 0.2731779328125 0.6008884140624999 0.307713753125 0.6326334640625 0.312423184375 0.6813847875000001 0.2935854625 0.6949898078125 0.25434021093750003 0.6893210484375001 0.2402119203125
3 1 0.05183471093749999 0.9931665125 0.028287557812500003 0.9478164437500001 0.0172988890625 0.9149376437500001 0.0377064203125 0.91607139375 0.0753818609375 0.9602877124999999 0.1020686328125 0.9931665125 0.097359203125 1 0.05183471093749999
3 0.5126953125 0.24819711562500002 0.505859375 0.257662259375 0.5078125 0.2684795671875 0.5146484375 0.275240384375 0.529296875 0.2630709140625 0.51953125 0.249549278125 0.5126953125 0.24819711562500002
0 0.853515625 0.35501802968749996 0.84765625 0.37935697031250004 0.84765625 0.4009915859375 0.8583984375 0.42668269218750005 0.869140625 0.390174278125 0.8671875 0.363131009375 0.859375 0.35501802968749996 0.853515625 0.35501802968749996
0 0.8427734375 0.345552884375 0.833984375 0.3523137015625 0.8427734375 0.372596153125 0.85546875 0.3577223546875 0.8515625 0.3469050484375 0.8427734375 0.345552884375
3 0.7001953125 0.037259615625 0.69140625 0.0494290859375 0.69140625 0.06024639375 0.7060546875 0.06430288437500001 0.7158203125 0.05889423125 0.724609375 0.046724759375 0.720703125 0.033203125 0.7001953125 0.037259615625