0 0.4970703125 0.7896634609375 0.501953125 0.7801983171875 0.501953125 0.7666766828125 0.490234375 0.7369290859375 0.4833984375 0.73016826875 0.4541015625 0.7436899046875001 0.44921875 0.755859375 0.453125 0.7856069703124999 0.47265625 0.7937199515625 0.4970703125 0.7896634609375
0 0.4521484375 0.6003605765625 0.458984375 0.58819110625 0.458984375 0.5719651453125 0.4404296875 0.5652043265625 0.4228515625 0.5787259609375 0.41796875 0.5908954328125 0.43359375 0.601712740625 0.4521484375 0.6003605765625
0 0.873046875 0.5692608171875 0.87109375 0.5611478375 0.8623046875 0.540865384375 0.8466796875 0.5300480765625 0.845703125 0.5476262015625 0.86328125 0.5719651453125 0.873046875 0.5692608171875
0 0.5712890625 0.2650240390625 0.57421875 0.258263221875 0.572265625 0.2393329328125 0.5556640625 0.20823317187499998 0.5439453125 0.20823317187499998 0.5390625 0.2204026453125 0.541015625 0.23662860624999998 0.5537109375 0.259615384375 0.56640625 0.263671875 0.5712890625 0.2650240390625
0 0.9443359375 0.2974759609375 0.947265625 0.2907151453125 0.9443359375 0.2785456734375 0.9296875 0.2744891828125 0.9267578125 0.251502403125 0.912109375 0.2717848546875 0.912109375 0.2907151453125 0.921875 0.2961237984375 0.9443359375 0.2974759609375
0 0.7744140625 0.2406850953125 0.77734375 0.23121995156250003 0.767578125 0.2041766828125 0.7587890625 0.2028245203125 0.75390625 0.21499399062500002 0.763671875 0.2393329328125 0.7744140625 0.2406850953125
0 0.48828125 0.566556490625 0.4853515625 0.540865384375 0.474609375 0.5476262015625 0.474609375 0.5719651453125 0.478515625 0.580078125 0.48828125 0.566556490625
0 0.4482421875 0.6030649046875001 0.458984375 0.5908954328125 0.458984375 0.5719651453125 0.4521484375 0.5625 0.4404296875 0.5625 0.41796875 0.585486778125 0.4228515625 0.59765625 0.43359375 0.601712740625 0.4482421875 0.6030649046875001
0 0.1748046875 0.140625 0.1796875 0.12845552968750001 0.1689453125 0.12169471093749999 0.1494140625 0.12169471093749999 0.1484375 0.1392728375 0.158203125 0.144681490625 0.1748046875 0.140625
0 0.3330078125 0.513822115625 0.33984375 0.5043569703124999 0.33984375 0.49353966250000003 0.3271484375 0.4759615390625 0.32421875 0.4800180296875 0.326171875 0.5124699515625 0.3330078125 0.513822115625
0 0.3583984375 0.9978966343750001 0.361328125 0.9857271624999999 0.3544921875 0.9735576921875 0.3486328125 0.9735576921875 0.330078125 0.9911358171875 0.33203125 0.9965444703124999 0.3583984375 0.9978966343750001
0 1 0.7639723546875 0.9873046875 0.7572115390625 0.978515625 0.7639723546875 0.978515625 0.777493990625 0.982421875 0.796424278125 0.9921875 0.8099459140624999 1 0.8099459140624999 1 0.7639723546875
0 0.3466796875 0.65715144375 0.36328125 0.6422776453125 0.3583984375 0.6192908640625 0.3486328125 0.6192908640625 0.337890625 0.6341646625 0.341796875 0.655799278125 0.3466796875 0.65715144375
0 0.3857421875 0.7220552890625 0.392578125 0.7098858171875 0.3779296875 0.7004206734375 0.369140625 0.7098858171875 0.37109375 0.720703125 0.3857421875 0.7220552890625