0 0.5029296875 0.7896634609375 0.52734375 0.7937199515625 0.546875 0.7856069703124999 0.55078125 0.755859375 0.5458984375 0.7436899046875001 0.5166015625 0.73016826875 0.509765625 0.7369290859375 0.498046875 0.7666766828125 0.498046875 0.7801983171875 0.5029296875 0.7896634609375
0 0.58203125 0.5908954328125 0.5771484375 0.5787259609375 0.5595703125 0.5652043265625 0.541015625 0.5719651453125 0.541015625 0.58819110625 0.5478515625 0.6003605765625 0.56640625 0.601712740625 0.58203125 0.5908954328125
0 0.1533203125 0.5300480765625 0.1376953125 0.540865384375 0.12890625 0.5611478375 0.126953125 0.5692608171875 0.13671875 0.5719651453125 0.154296875 0.5476262015625 0.1533203125 0.5300480765625
0 0.4287109375 0.2650240390625 0.43359375 0.263671875 0.4462890625 0.259615384375 0.458984375 0.23662860624999998 0.4609375 0.2204026453125 0.4560546875 0.20823317187499998 0.4443359375 0.20823317187499998 0.427734375 0.2393329328125 0.42578125 0.258263221875 0.4287109375 0.2650240390625
0 0.078125 0.2961237984375 0.087890625 0.2907151453125 0.087890625 0.2717848546875 0.0732421875 0.251502403125 0.0703125 0.2744891828125 0.0556640625 0.2785456734375 0.052734375 0.2907151453125 0.0556640625 0.2974759609375 0.078125 0.2961237984375
0 0.2412109375 0.2028245203125 0.232421875 0.2041766828125 0.22265625 0.23121995156250003 0.2255859375 0.2406850953125 0.236328125 0.2393329328125 0.24609375 0.21499399062500002 0.2412109375 0.2028245203125
0 0.5146484375 0.540865384375 0.51171875 0.566556490625 0.521484375 0.580078125 0.525390625 0.5719651453125 0.525390625 0.5476262015625 0.5146484375 0.540865384375
0 0.56640625 0.601712740625 0.5771484375 0.59765625 0.58203125 0.585486778125 0.5595703125 0.5625 0.5478515625 0.5625 0.541015625 0.5719651453125 0.541015625 0.5908954328125 0.5517578125 0.6030649046875001 0.56640625 0.601712740625
0 0.8505859375 0.12169471093749999 0.8310546875 0.12169471093749999 0.8203125 0.12845552968750001 0.8251953125 0.140625 0.841796875 0.144681490625 0.8515625 0.1392728375 0.8505859375 0.12169471093749999
0 0.6728515625 0.4759615390625 0.66015625 0.49353966250000003 0.66015625 0.5043569703124999 0.6669921875 0.513822115625 0.673828125 0.5124699515625 0.67578125 0.4800180296875 0.6728515625 0.4759615390625
0 0.6513671875 0.9735576921875 0.6455078125 0.9735576921875 0.638671875 0.9857271624999999 0.6416015625 0.9978966343750001 0.66796875 0.9965444703124999 0.669921875 0.9911358171875 0.6513671875 0.9735576921875
0 0 0.8099459140624999 0.0078125 0.8099459140624999 0.017578125 0.796424278125 0.021484375 0.777493990625 0.021484375 0.7639723546875 0.0126953125 0.7572115390625 0 0.7639723546875 0 0.8099459140624999
0 0.6513671875 0.6192908640625 0.6416015625 0.6192908640625 0.63671875 0.6422776453125 0.6533203125 0.65715144375 0.658203125 0.655799278125 0.662109375 0.6341646625 0.6513671875 0.6192908640625
0 0.607421875 0.7098858171875 0.6142578125 0.7220552890625 0.62890625 0.720703125 0.630859375 0.7098858171875 0.6220703125 0.7004206734375 0.607421875 0.7098858171875