0 0.9743013796875 0.4749240671875 0.9877523890625 0.50099833125 0.9864072875 0.52707259375 0.9976164624999999 0.5190019890625 1 0.45009143749999997 0.9985131953125 0.3793184390625 0.9953746265625 0.37807680781249997 0.9756464812500001 0.3681437546875 0.96309220625 0.3743519125 0.9595052718750001 0.43146696406249996 0.9743013796875 0.4749240671875
0 0.369140625 0.488131009375 0.3671875 0.4773137015625 0.359375 0.4719050484375 0.361328125 0.4583834140625 0.3486328125 0.45703125 0.318359375 0.488131009375 0.318359375 0.51787860625 0.357421875 0.58819110625 0.359375 0.60712139375 0.3671875 0.6125300484375 0.3671875 0.628756009375 0.3759765625 0.635516828125 0.390625 0.6341646625 0.400390625 0.6233473546875 0.400390625 0.6125300484375 0.3671875 0.5043569703124999 0.369140625 0.488131009375
0 0.0576171875 0.18389423124999998 0.048828125 0.2014723546875 0.05078125 0.2176983171875 0.0556640625 0.22445913593750003 0.0673828125 0.2217548078125 0.0751953125 0.2406850953125 0.087890625 0.2393329328125 0.087890625 0.2204026453125 0.080078125 0.2014723546875 0.0673828125 0.18389423124999998 0.0576171875 0.18389423124999998
0 0.087890625 0.2717848546875 0.0771484375 0.2650240390625 0.07421875 0.277193509375 0.080078125 0.304236778125 0.0859375 0.304236778125 0.0849609375 0.2920673078125 0.0908203125 0.3001802890625 0.095703125 0.2961237984375 0.087890625 0.2717848546875
0 0.05078125 0.21499399062500002 0.0537109375 0.2190504796875 0.0615234375 0.2217548078125 0.0654296875 0.216346153125 0.0712890625 0.23527644374999998 0.0859375 0.233924278125 0.078125 0.2014723546875 0.0693359375 0.189302884375 0.052734375 0.1906550484375 0.05078125 0.21499399062500002
0 0.4052734375 0.65715144375 0.3896484375 0.654447115625 0.376953125 0.6747295671875 0.375 0.7098858171875 0.3818359375 0.716646634375 0.390625 0.7152944703124999 0.4033203125 0.7058293265625 0.4140625 0.6828425484375 0.4140625 0.6693209140625 0.4052734375 0.65715144375
0 0.578125 0.0013521625 0.5185546875 0 0.515625 0.009465145312500001 0.51953125 0.0338040859375 0.5302734375 0.04326923125 0.54296875 0.04462139375 0.5517578125 0.04326923125 0.5732421875 0.0243389421875 0.578125 0.017578125 0.578125 0.0013521625
0 0.7177734375 0.12169471093749999 0.71484375 0.1744290859375 0.728515625 0.1771334140625 0.740234375 0.158203125 0.73828125 0.1338641828125 0.7333984375 0.12439903906250001 0.7177734375 0.12169471093749999
0 0.90625 0.439453125 0.908203125 0.417818509375 0.9013671875 0.4029447109375 0.88671875 0.390775240625 0.8828125 0.369140625 0.859375 0.3448016828125 0.8671875 0.277193509375 0.8505859375 0.259615384375 0.8291015625 0.2569110578125 0.8134765625 0.23257211562500002 0.806640625 0.24203725937499998 0.8046875 0.26908052968749996 0.798828125 0.44486177812500005 0.8037109375 0.45703125 0.849609375 0.4773137015625 0.8583984375 0.443509615625 0.8876953125 0.4381009609375 0.8916015625 0.4543269234375 0.90625 0.439453125
0 0.533203125 0.2880108171875 0.53515625 0.3150540859375 0.52734375 0.33939302968749996 0.5361328125 0.348858171875 0.548828125 0.35021033749999997 0.564453125 0.32587139375 0.56640625 0.312349759375 0.5380859375 0.2839543265625 0.533203125 0.2880108171875
0 0.8056640625 0.8843149046875001 0.7666015625 0.8843149046875001 0.7587890625 0.8897235562500001 0.74609375 0.9127103375000001 0.744140625 0.9343449515625 0.744140625 0.961388221875 0.751953125 0.9884314906249999 0.7587890625 0.9951923078125 0.810546875 0.9938401453125 0.8359375 0.961388221875 0.837890625 0.931640625 0.814453125 0.9045973546875 0.8056640625 0.8843149046875001
0 0.823164278125 0.7248624968749999 0.8281213453125 0.7157025859374999 0.8281213453125 0.7008177265625 0.8173810546875 0.6939477859375 0.8095323984375 0.6882228375 0.8099454749999999 0.6796354234375 0.8099454749999999 0.6676130296875 0.7998046875 0.6436298078125 0.7666015625 0.6328125 0.7392578125 0.635516828125 0.7372420187500001 0.6441407546875 0.7430252640624999 0.6567356296875 0.7488084859375 0.6664680515625 0.750873921875 0.6739104734375 0.7426121859375 0.677917934375 0.7326980734374999 0.6813529125 0.725675571875 0.68765035625 0.72484939375 0.6939477859375 0.7331111515625001 0.6985277421875 0.7397205515625 0.7048251859375 0.73435040625 0.716847578125 0.7306326171874999 0.72200003125 0.72650175 0.7271524828125 0.72484939375 0.7357399124999999 0.7322849734375 0.7460448171875 0.73765511875 0.7534872234375001 0.7470703125 0.7572115390625 0.7568642859375 0.7620232515625001 0.768223590625 0.762074653125 0.777311525 0.762074653125 0.7822265625 0.7572115390625 0.7868125375 0.75806719375 0.7938350390625 0.7546322156249999 0.800031384375 0.7311599421875 0.802509896875 0.7191375640625 0.823164278125 0.7248624968749999
0 0.9560546875 0.005408653125 0.9462890625 0.005408653125 0.947265625 0.014873798437499999 0.9404296875 0.021634615625 0.9189453125 0.02704326875 0.9140625 0.0338040859375 0.904296875 0.052734375 0.904296875 0.0689603375 0.91015625 0.093299278125 0.92578125 0.10411658593749999 0.9306640625 0.127103365625 0.953125 0.12845552968750001 0.9765625 0.11763822187499999 0.98046875 0.0851862984375 0.96875 0.0202824515625 0.9560546875 0.005408653125
0 0.25390625 0.050030048437499995 0.2470703125 0.0405649046875 0.2138671875 0.0324519234375 0.208984375 0.0365084140625 0.20703125 0.0608473546875 0.21875 0.0824819703125 0.22265625 0.10141225937500001 0.2314453125 0.11087740312500001 0.23828125 0.10952524062499999 0.24609375 0.10411658593749999 0.244140625 0.0824819703125 0.25390625 0.06625600937500001 0.25390625 0.050030048437499995
0 0.8154296875 0.1081730765625 0.806640625 0.1203425484375 0.8046875 0.1338641828125 0.8154296875 0.1649639421875 0.828125 0.163611778125 0.84375 0.1419771625 0.845703125 0.1203425484375 0.8349609375 0.11087740312500001 0.8154296875 0.1081730765625
0 0.669921875 0.0283954328125 0.6748046875 0.0378605765625 0.681640625 0.039212740625 0.689453125 0.0283954328125 0.6923828125 0 0.669921875 0.0013521625 0.669921875 0.0283954328125