0 0.0370587546875 0.1561039296875 0.0297378640625 0.21016589687499998 0.0443796453125 0.24800927343749998 0.060485606250000004 0.2635520890625 0.0595094875 0.23652110624999997 0.08537663749999999 0.246657725 0.0946497671875 0.2392242046875 0.0946497671875 0.211517446875 0.0931855875 0.1831349140625 0.0653662015625 0.17908026562499998 0.0414512890625 0.1655647734375 0.0370587546875 0.1561039296875
0 0.2532690796875 0.191244209375 0.264494446875 0.23652110624999997 0.28792129843750003 0.252063921875 0.304027259375 0.24800927343749998 0.3108600921875 0.218950965625 0.326966053125 0.20611125000000002 0.35234514375 0.20475970000000002 0.3772361734375 0.20002927812500002 0.38260482812499996 0.189892659375 0.3791884109375 0.179756040625 0.3674749859375 0.15475238125 0.3391675390625 0.16218590156249998 0.2893854765625 0.170295196875 0.262542209375 0.1844864625 0.2532690796875 0.191244209375
0 0.2215452171875 0.09055379531249999 0.2191049203125 0.09460844375000001 0.23130640625 0.12907294687499998 0.24204371406249997 0.149346184375 0.265470565625 0.14326421250000002 0.3059794984375 0.136506465625 0.323061578125 0.1216394265625 0.3191571015625 0.0919053453125 0.29670636875 0.0689290078125 0.2806004078125 0.0750109796875 0.2557093765625 0.07568675312499999 0.2215452171875 0.09055379531249999
0 0.8619222609375001 0.15884130937500002 0.8479068515625 0.17393482656249998 0.8333723515625 0.1976532125 0.8364868875000001 0.22424655312500003 0.8546550109375 0.2343088984375 0.8676322421875 0.21562168593750003 0.8759376703124999 0.2048406015625 0.8774949375000001 0.1732160875 0.8665940640625 0.1602787859375 0.8619222609375001 0.15884130937500002
0 0.341796875 0.6693209140625 0.3408203125 0.6328125 0.3251953125 0.6328125 0.3203125 0.6395733171875 0.3203125 0.65850360625 0.330078125 0.672025240625 0.341796875 0.6693209140625
0 0.1259765625 0.7274639421875 0.1328125 0.720703125 0.134765625 0.707181490625 0.1259765625 0.6923076921875 0.109375 0.699068509375 0.107421875 0.7179987984375 0.11328125 0.726111778125 0.1259765625 0.7274639421875
0 0.1884765625 0.46784855625 0.208984375 0.439453125 0.189453125 0.3177584140625 0.1728515625 0.28936298125 0.1611328125 0.28936298125 0.158203125 0.30694110625 0.177734375 0.46920072187499995 0.1884765625 0.46784855625
0 0.1640625 0.46649639374999996 0.1513671875 0.3623798078125 0.142578125 0.369140625 0.140625 0.41511418281249995 0.130859375 0.42322716250000003 0.126953125 0.4421574515625 0.126953125 0.4583834140625 0.13671875 0.46920072187499995 0.1640625 0.46649639374999996
0 0.109375 0.4340444703125 0.10546875 0.41511418281249995 0.0888671875 0.38671875 0.0810546875 0.3894230765625 0.076171875 0.4070012015625 0.10546875 0.439453125 0.109375 0.4340444703125
0 0.0654296875 0.5057091359375 0.0703125 0.5016526453125 0.0703125 0.49353966250000003 0.0517578125 0.46514423125000004 0.0361328125 0.45703125 0.033203125 0.48542668281249995 0.05078125 0.5043569703124999 0.0654296875 0.5057091359375
0 0.359375 0.11493389375 0.361328125 0.10411658593749999 0.341796875 0.055438701562500005 0.3330078125 0.0513822125 0.33203125 0.0581430296875 0.34375 0.0716646625 0.3359375 0.09600360625 0.3515625 0.11763822187499999 0.359375 0.11493389375
0 0.203125 0.02569110625 0.1865234375 0.0027043265625 0.181640625 0.0067608171875 0.181640625 0.014873798437499999 0.193359375 0.039212740625 0.203125 0.02569110625
0 0.720703125 0.6666165859375 0.7138671875 0.6517427875 0.705078125 0.655799278125 0.70703125 0.6693209140625 0.720703125 0.6666165859375
0 0.46067586406250005 0.34688866875 0.478515625 0.333984375 0.4580078125 0.3001802890625 0.44413582187499995 0.278120575 0.4407137671875 0.2757492765625 0.44140625 0.3150540859375 0.44140625 0.3312800484375 0.4578241390625 0.3753444265625 0.46067586406250005 0.34688866875
0 0.2421875 0.2528545671875 0.2294921875 0.24879807656250003 0.2265625 0.25555889375 0.236328125 0.26908052968749996 0.2421875 0.2528545671875