0 0.0653662015625 0.8209197343750001 0.0931855875 0.8168650859375 0.0946497671875 0.7884825531249999 0.0946497671875 0.7607757953125 0.08537663749999999 0.753342275 0.0595094875 0.76347889375 0.060485606250000004 0.7364479109375 0.0443796453125 0.7519907265625 0.0297378640625 0.789834103125 0.0370587546875 0.8438960703125 0.0414512890625 0.8344352265625 0.0653662015625 0.8209197343750001
0 0.264494446875 0.76347889375 0.2532690796875 0.808755790625 0.262542209375 0.8155135375 0.2893854765625 0.8297048031250001 0.3391675390625 0.8378140984375 0.3674749859375 0.84524761875 0.3791884109375 0.820243959375 0.38260482812499996 0.810107340625 0.3772361734375 0.7999707218750001 0.35234514375 0.7952403 0.326966053125 0.79388875 0.3108600921875 0.781049034375 0.304027259375 0.7519907265625 0.28792129843750003 0.747936078125 0.264494446875 0.76347889375
0 0.2806004078125 0.9249890203125 0.29670636875 0.9310709921875 0.3191571015625 0.9080946546875 0.323061578125 0.8783605734375 0.3059794984375 0.863493534375 0.265470565625 0.8567357875000001 0.24204371406249997 0.8506538156250001 0.23130640625 0.8709270531250001 0.2191049203125 0.90539155625 0.2215452171875 0.9094462046875 0.2557093765625 0.9243132468749999 0.2806004078125 0.9249890203125
0 0.8676322421875 0.7843783140625 0.8546550109375 0.7656911015625 0.8364868875000001 0.775753446875 0.8333723515625 0.8023467875 0.8479068515625 0.8260651734375 0.8619222609375001 0.8411586906249999 0.8665940640625 0.8397212140624999 0.8774949375000001 0.8267839125 0.8759376703124999 0.7951593984375 0.8676322421875 0.7843783140625
0 0.330078125 0.327974759375 0.3203125 0.34149639375 0.3203125 0.3604266828125 0.3251953125 0.3671875 0.3408203125 0.3671875 0.341796875 0.3306790859375 0.330078125 0.327974759375
0 0.1328125 0.279296875 0.1259765625 0.2725360578125 0.11328125 0.273888221875 0.107421875 0.2820012015625 0.109375 0.300931490625 0.1259765625 0.3076923078125 0.134765625 0.292818509375 0.1328125 0.279296875
0 0.208984375 0.560546875 0.1884765625 0.53215144375 0.177734375 0.530799278125 0.158203125 0.69305889375 0.1611328125 0.71063701875 0.1728515625 0.71063701875 0.189453125 0.6822415859375 0.208984375 0.560546875
0 0.140625 0.5848858171875 0.142578125 0.630859375 0.1513671875 0.6376201921875 0.1640625 0.53350360625 0.13671875 0.530799278125 0.126953125 0.5416165859375 0.126953125 0.5578425484375 0.130859375 0.5767728375 0.140625 0.5848858171875
0 0.10546875 0.560546875 0.076171875 0.5929987984375 0.0810546875 0.6105769234375 0.0888671875 0.61328125 0.10546875 0.5848858171875 0.109375 0.5659555296875001 0.10546875 0.560546875
0 0.0703125 0.4983473546875 0.0654296875 0.4942908640625 0.05078125 0.4956430296875 0.033203125 0.5145733171875 0.0361328125 0.54296875 0.0517578125 0.53485576875 0.0703125 0.5064603375 0.0703125 0.4983473546875
0 0.3330078125 0.9486177874999999 0.341796875 0.9445612984375 0.361328125 0.8958834140624999 0.359375 0.88506610625 0.3515625 0.882361778125 0.3359375 0.90399639375 0.34375 0.9283353375000001 0.33203125 0.9418569703124999 0.3330078125 0.9486177874999999
0 0.181640625 0.9932391828125 0.1865234375 0.9972956734375 0.203125 0.97430889375 0.193359375 0.9607872593750001 0.181640625 0.9851262015625 0.181640625 0.9932391828125
0 0.70703125 0.3306790859375 0.705078125 0.344200721875 0.7138671875 0.34825721249999997 0.720703125 0.3333834140625 0.70703125 0.3306790859375
0 0.44413582187499995 0.721879425 0.4580078125 0.6998197109375 0.478515625 0.666015625 0.46067586406250005 0.65311133125 0.4578241390625 0.6246555734375 0.44140625 0.6687199515625 0.44140625 0.6849459140625 0.4407137671875 0.7242507234375 0.44413582187499995 0.721879425
0 0.236328125 0.7309194703124999 0.2265625 0.74444110625 0.2294921875 0.7512019234375 0.2421875 0.7471454328125 0.236328125 0.7309194703124999