0 0.9053502328125 0.2392242046875 0.9146233625000001 0.246657725 0.9404905125 0.23652110624999997 0.93951439375 0.2635520890625 0.9556203546875001 0.24800927343749998 0.9702621359375 0.21016589687499998 0.9629412453124999 0.1561039296875 0.9585487109375 0.1655647734375 0.9346337984374999 0.17908026562499998 0.9068144124999999 0.1831349140625 0.9053502328125 0.211517446875 0.9053502328125 0.2392242046875
0 0.6208115890625 0.179756040625 0.6173951718749999 0.189892659375 0.6227638265625 0.20002927812500002 0.64765485625 0.20475970000000002 0.6730339468750001 0.20611125000000002 0.6891399078125 0.218950965625 0.695972740625 0.24800927343749998 0.7120787015625 0.252063921875 0.735505553125 0.23652110624999997 0.7467309203125 0.191244209375 0.7374577906249999 0.1844864625 0.7106145234375 0.170295196875 0.6608324609375 0.16218590156249998 0.6325250140625001 0.15475238125 0.6208115890625 0.179756040625
0 0.676938421875 0.1216394265625 0.6940205015625 0.136506465625 0.734529434375 0.14326421250000002 0.7579562859375 0.149346184375 0.76869359375 0.12907294687499998 0.7808950796875 0.09460844375000001 0.7784547828124999 0.09055379531249999 0.7442906234375 0.07568675312499999 0.7193995921874999 0.0750109796875 0.70329363125 0.0689290078125 0.6808428984375 0.0919053453125 0.676938421875 0.1216394265625
0 0.14534498906249999 0.2343088984375 0.1635131125 0.22424655312500003 0.1666276484375 0.1976532125 0.1520931484375 0.17393482656249998 0.1380777390625 0.15884130937500002 0.1334059359375 0.1602787859375 0.1225050625 0.1732160875 0.1240623296875 0.2048406015625 0.13236775781250001 0.21562168593750003 0.14534498906249999 0.2343088984375
0 0.6591796875 0.6328125 0.658203125 0.6693209140625 0.669921875 0.672025240625 0.6796875 0.65850360625 0.6796875 0.6395733171875 0.6748046875 0.6328125 0.6591796875 0.6328125
0 0.865234375 0.707181490625 0.8671875 0.720703125 0.8740234375 0.7274639421875 0.88671875 0.726111778125 0.892578125 0.7179987984375 0.890625 0.699068509375 0.8740234375 0.6923076921875 0.865234375 0.707181490625
0 0.810546875 0.3177584140625 0.791015625 0.439453125 0.8115234375 0.46784855625 0.822265625 0.46920072187499995 0.841796875 0.30694110625 0.8388671875 0.28936298125 0.8271484375 0.28936298125 0.810546875 0.3177584140625
0 0.859375 0.41511418281249995 0.857421875 0.369140625 0.8486328125 0.3623798078125 0.8359375 0.46649639374999996 0.86328125 0.46920072187499995 0.873046875 0.4583834140625 0.873046875 0.4421574515625 0.869140625 0.42322716250000003 0.859375 0.41511418281249995
0 0.89453125 0.41511418281249995 0.890625 0.4340444703125 0.89453125 0.439453125 0.923828125 0.4070012015625 0.9189453125 0.3894230765625 0.9111328125 0.38671875 0.89453125 0.41511418281249995
0 0.9296875 0.49353966250000003 0.9296875 0.5016526453125 0.9345703125 0.5057091359375 0.94921875 0.5043569703124999 0.966796875 0.48542668281249995 0.9638671875 0.45703125 0.9482421875 0.46514423125000004 0.9296875 0.49353966250000003
0 0.6669921875 0.0513822125 0.658203125 0.055438701562500005 0.638671875 0.10411658593749999 0.640625 0.11493389375 0.6484375 0.11763822187499999 0.6640625 0.09600360625 0.65625 0.0716646625 0.66796875 0.0581430296875 0.6669921875 0.0513822125
0 0.796875 0.02569110625 0.806640625 0.039212740625 0.818359375 0.014873798437499999 0.818359375 0.0067608171875 0.8134765625 0.0027043265625 0.796875 0.02569110625
0 0.29296875 0.6693209140625 0.294921875 0.655799278125 0.2861328125 0.6517427875 0.279296875 0.6666165859375 0.29296875 0.6693209140625
0 0.555864178125 0.278120575 0.5419921875 0.3001802890625 0.521484375 0.333984375 0.5393241359375 0.34688866875 0.5421758609375 0.3753444265625 0.55859375 0.3312800484375 0.55859375 0.3150540859375 0.5592862328125 0.2757492765625 0.555864178125 0.278120575
0 0.763671875 0.26908052968749996 0.7734375 0.25555889375 0.7705078125 0.24879807656250003 0.7578125 0.2528545671875 0.763671875 0.26908052968749996