0 0.0014868046875 0.3793184390625 0 0.45009143749999997 0.0023835375 0.5190019890625 0.013592712500000001 0.52707259375 0.0122476109375 0.50099833125 0.025698620312499997 0.4749240671875 0.040494728125000004 0.43146696406249996 0.03690779375 0.3743519125 0.02435351875 0.3681437546875 0.0046253734375 0.37807680781249997 0.0014868046875 0.3793184390625
0 0.6240234375 0.635516828125 0.6328125 0.628756009375 0.6328125 0.6125300484375 0.640625 0.60712139375 0.642578125 0.58819110625 0.681640625 0.51787860625 0.681640625 0.488131009375 0.6513671875 0.45703125 0.638671875 0.4583834140625 0.640625 0.4719050484375 0.6328125 0.4773137015625 0.630859375 0.488131009375 0.6328125 0.5043569703124999 0.599609375 0.6125300484375 0.599609375 0.6233473546875 0.609375 0.6341646625 0.6240234375 0.635516828125
0 0.9248046875 0.2406850953125 0.9326171875 0.2217548078125 0.9443359375 0.22445913593750003 0.94921875 0.2176983171875 0.951171875 0.2014723546875 0.9423828125 0.18389423124999998 0.9326171875 0.18389423124999998 0.919921875 0.2014723546875 0.912109375 0.2204026453125 0.912109375 0.2393329328125 0.9248046875 0.2406850953125
0 0.919921875 0.304236778125 0.92578125 0.277193509375 0.9228515625 0.2650240390625 0.912109375 0.2717848546875 0.904296875 0.2961237984375 0.9091796875 0.3001802890625 0.9150390625 0.2920673078125 0.9140625 0.304236778125 0.919921875 0.304236778125
0 0.9287109375 0.23527644374999998 0.9345703125 0.216346153125 0.9384765625 0.2217548078125 0.9462890625 0.2190504796875 0.94921875 0.21499399062500002 0.947265625 0.1906550484375 0.9306640625 0.189302884375 0.921875 0.2014723546875 0.9140625 0.233924278125 0.9287109375 0.23527644374999998
0 0.6181640625 0.716646634375 0.625 0.7098858171875 0.623046875 0.6747295671875 0.6103515625 0.654447115625 0.5947265625 0.65715144375 0.5859375 0.6693209140625 0.5859375 0.6828425484375 0.5966796875 0.7058293265625 0.609375 0.7152944703124999 0.6181640625 0.716646634375
0 0.4697265625 0.04326923125 0.48046875 0.0338040859375 0.484375 0.009465145312500001 0.4814453125 0 0.421875 0.0013521625 0.421875 0.017578125 0.4267578125 0.0243389421875 0.4482421875 0.04326923125 0.45703125 0.04462139375 0.4697265625 0.04326923125
0 0.28515625 0.1744290859375 0.2822265625 0.12169471093749999 0.2666015625 0.12439903906250001 0.26171875 0.1338641828125 0.259765625 0.158203125 0.271484375 0.1771334140625 0.28515625 0.1744290859375
0 0.1962890625 0.45703125 0.201171875 0.44486177812500005 0.1953125 0.26908052968749996 0.193359375 0.24203725937499998 0.1865234375 0.23257211562500002 0.1708984375 0.2569110578125 0.1494140625 0.259615384375 0.1328125 0.277193509375 0.140625 0.3448016828125 0.1171875 0.369140625 0.11328125 0.390775240625 0.0986328125 0.4029447109375 0.091796875 0.417818509375 0.09375 0.439453125 0.1083984375 0.4543269234375 0.1123046875 0.4381009609375 0.1416015625 0.443509615625 0.150390625 0.4773137015625 0.1962890625 0.45703125
0 0.4638671875 0.348858171875 0.47265625 0.33939302968749996 0.46484375 0.3150540859375 0.466796875 0.2880108171875 0.4619140625 0.2839543265625 0.43359375 0.312349759375 0.435546875 0.32587139375 0.451171875 0.35021033749999997 0.4638671875 0.348858171875
0 0.2412109375 0.9951923078125 0.248046875 0.9884314906249999 0.255859375 0.961388221875 0.255859375 0.9343449515625 0.25390625 0.9127103375000001 0.2412109375 0.8897235562500001 0.2333984375 0.8843149046875001 0.1943359375 0.8843149046875001 0.185546875 0.9045973546875 0.162109375 0.931640625 0.1640625 0.961388221875 0.189453125 0.9938401453125 0.2412109375 0.9951923078125
0 0.2177734375 0.7572115390625 0.222688475 0.762074653125 0.23177640937500002 0.762074653125 0.24313571406249998 0.7620232515625001 0.2529296875 0.7572115390625 0.26234488125 0.7534872234375001 0.2677150265625 0.7460448171875 0.27515060625 0.7357399124999999 0.27349825 0.7271524828125 0.2693673828125 0.72200003125 0.26564959374999997 0.716847578125 0.2602794484375 0.7048251859375 0.2668888484375 0.6985277421875 0.27515060625 0.6939477859375 0.274324428125 0.68765035625 0.26730192656249996 0.6813529125 0.2573878140625 0.677917934375 0.24912607812499998 0.6739104734375 0.2511915140625 0.6664680515625 0.2569747359375 0.6567356296875 0.26275798125 0.6441407546875 0.2607421875 0.635516828125 0.2333984375 0.6328125 0.2001953125 0.6436298078125 0.190054525 0.6676130296875 0.190054525 0.6796354234375 0.1904676015625 0.6882228375 0.1826189453125 0.6939477859375 0.17187865468750002 0.7008177265625 0.17187865468750002 0.7157025859374999 0.17683572187500002 0.7248624968749999 0.19749010312499998 0.7191375640625 0.19996861562499998 0.7311599421875 0.20616496093749997 0.7546322156249999 0.2131874625 0.75806719375 0.2177734375 0.7572115390625
0 0.0693359375 0.127103365625 0.07421875 0.10411658593749999 0.08984375 0.093299278125 0.095703125 0.0689603375 0.095703125 0.052734375 0.0859375 0.0338040859375 0.0810546875 0.02704326875 0.0595703125 0.021634615625 0.052734375 0.014873798437499999 0.0537109375 0.005408653125 0.0439453125 0.005408653125 0.03125 0.0202824515625 0.01953125 0.0851862984375 0.0234375 0.11763822187499999 0.046875 0.12845552968750001 0.0693359375 0.127103365625
0 0.7685546875 0.11087740312500001 0.77734375 0.10141225937500001 0.78125 0.0824819703125 0.79296875 0.0608473546875 0.791015625 0.0365084140625 0.7861328125 0.0324519234375 0.7529296875 0.0405649046875 0.74609375 0.050030048437499995 0.74609375 0.06625600937500001 0.755859375 0.0824819703125 0.75390625 0.10411658593749999 0.76171875 0.10952524062499999 0.7685546875 0.11087740312500001
0 0.1845703125 0.1649639421875 0.1953125 0.1338641828125 0.193359375 0.1203425484375 0.1845703125 0.1081730765625 0.1650390625 0.11087740312500001 0.154296875 0.1203425484375 0.15625 0.1419771625 0.171875 0.163611778125 0.1845703125 0.1649639421875
0 0.3251953125 0.0378605765625 0.330078125 0.0283954328125 0.330078125 0.0013521625 0.3076171875 0 0.310546875 0.0283954328125 0.318359375 0.039212740625 0.3251953125 0.0378605765625