0 0.849609375 0.2744891828125 0.849609375 0.258263221875 0.8408203125 0.24609375 0.83203125 0.2528545671875 0.837890625 0.277193509375 0.849609375 0.2744891828125
0 0.2646484375 0.21364182812500002 0.26953125 0.20688100937499998 0.2646484375 0.1920072125 0.2568359375 0.1920072125 0.251953125 0.19876802968750001 0.25 0.2095853375 0.25390625 0.21499399062500002 0.2646484375 0.21364182812500002
0 0.2802734375 0.37860576875 0.2861328125 0.373197115625 0.287109375 0.3583233171875 0.2783203125 0.3515625 0.2685546875 0.354266828125 0.265625 0.369140625 0.26953125 0.37725360625 0.2802734375 0.37860576875
0 0.4677734375 0.87890625 0.474609375 0.8640324515625 0.4638671875 0.8599759609375001 0.4580078125 0.8653846156249999 0.44921875 0.8775540859375001 0.451171875 0.8856670671875 0.4677734375 0.87890625
0 0.94140625 0.7585637015625 0.9345703125 0.7355769234375 0.923828125 0.7396334140625 0.923828125 0.750450721875 0.9296875 0.7585637015625 0.94140625 0.7585637015625
0 0.9853515625 0.778846153125 0.98828125 0.7720853375 0.9697265625 0.7545072125 0.966796875 0.7612680296875001 0.9765625 0.777493990625 0.9853515625 0.778846153125
0 0.275390625 0.26908052968749996 0.2666015625 0.259615384375 0.26171875 0.263671875 0.26171875 0.2717848546875 0.267578125 0.27989783749999997 0.275390625 0.26908052968749996
0 0.2841796875 0.3191105765625 0.29296875 0.29341947031250004 0.2841796875 0.2920673078125 0.271484375 0.3177584140625 0.2841796875 0.3191105765625
0 0.2138671875 0.627403846875 0.21484375 0.6125300484375 0.2060546875 0.60847355625 0.201171875 0.615234375 0.203125 0.6260516828125 0.2138671875 0.627403846875
2 0.0556640625 0.689603365625 0.06640625 0.6747295671875 0.099609375 0.609825721875 0.0927734375 0.6003605765625 0.083984375 0.5990084140625 0.076171875 0.5773737984375 0.064453125 0.566556490625 0.06640625 0.5476262015625 0.0576171875 0.540865384375 0.0166015625 0.5597956734375 0.009765625 0.5692608171875 0.005859375 0.5963040859375 0 0.601712740625 0.005859375 0.6125300484375 0.00390625 0.6233473546875 0.009765625 0.628756009375 0.0078125 0.6341646625 0.021484375 0.6395733171875 0.013671875 0.6476862984375 0.01953125 0.650390625 0.0234375 0.6666165859375 0.0400390625 0.681490384375 0.0390625 0.6882512015625 0.04296875 0.6909555296875001 0.0556640625 0.689603365625
0 0.3896484375 0.494891828125 0.39453125 0.4773137015625 0.3857421875 0.4786658640625 0.37890625 0.488131009375 0.380859375 0.49353966250000003 0.3896484375 0.494891828125
0 0.6826171875 0.2623197109375 0.693359375 0.2447415859375 0.6904296875 0.23257211562500002 0.6865234375 0.2298677875 0.669921875 0.2393329328125 0.669921875 0.25555889375 0.673828125 0.2609675484375 0.6826171875 0.2623197109375
0 0.29223317187500003 0.2204380046875 0.2953702640625 0.2193510828125 0.299879846875 0.22587260781250001 0.30125233906250004 0.21907935156249997 0.3046875 0.2231069703125 0.306640625 0.2204026453125 0.306640625 0.2122896625 0.3046875 0.2095853375 0.3046875 0.2041766828125 0.302734375 0.2014723546875 0.3046875 0.19876802968750001 0.302734375 0.1960637015625 0.302734375 0.193359375 0.3017578125 0.1920072125 0.2998046875 0.1920072125 0.2978515625 0.189302884375 0.2900390625 0.189302884375 0.2880859375 0.1920072125 0.2861328125 0.1920072125 0.28125 0.19876802968750001 0.28125 0.22581129843749997 0.2822265625 0.2271634609375 0.2880859375 0.2271634609375 0.2896842734375 0.2283181828125 0.29125282812500003 0.22804645156249997 0.29105674375 0.224242228125 0.29223317187500003 0.2204380046875
0 0.2646484375 0.24338942343749997 0.2724609375 0.24338942343749997 0.2734375 0.24203725937499998 0.2734375 0.23662860624999998 0.2724609375 0.23527644374999998 0.2646484375 0.23527644374999998 0.263671875 0.23662860624999998 0.263671875 0.24203725937499998 0.2646484375 0.24338942343749997
0 0.71484375 0.2663762015625 0.71484375 0.250150240625 0.7080078125 0.2406850953125 0.69921875 0.2447415859375 0.701171875 0.2663762015625 0.71484375 0.2663762015625
0 0.712890625 0.22581129843749997 0.712890625 0.2176983171875 0.7001953125 0.21364182812500002 0.697265625 0.2204026453125 0.705078125 0.23121995156250003 0.712890625 0.22581129843749997
0 0.701171875 0.21499399062500002 0.7021484375 0.2001201921875 0.6962890625 0.1974158640625 0.6875 0.2041766828125 0.69140625 0.2176983171875 0.701171875 0.21499399062500002
0 0.50390625 0.488131009375 0.5009765625 0.4759615390625 0.484375 0.4773137015625 0.484375 0.48542668281249995 0.4921875 0.49083533749999997 0.50390625 0.488131009375
0 0.3486328125 0.6625600953124999 0.35546875 0.655799278125 0.3486328125 0.638221153125 0.337890625 0.6422776453125 0.3359375 0.6530949515625 0.341796875 0.6612079328125 0.3486328125 0.6625600953124999