0 0.150390625 0.2744891828125 0.162109375 0.277193509375 0.16796875 0.2528545671875 0.1591796875 0.24609375 0.150390625 0.258263221875 0.150390625 0.2744891828125
0 0.7353515625 0.1920072125 0.73046875 0.20688100937499998 0.7353515625 0.21364182812500002 0.74609375 0.21499399062500002 0.75 0.2095853375 0.748046875 0.19876802968750001 0.7431640625 0.1920072125 0.7353515625 0.1920072125
0 0.712890625 0.3583233171875 0.7138671875 0.373197115625 0.7197265625 0.37860576875 0.73046875 0.37725360625 0.734375 0.369140625 0.7314453125 0.354266828125 0.7216796875 0.3515625 0.712890625 0.3583233171875
0 0.525390625 0.8640324515625 0.5322265625 0.87890625 0.548828125 0.8856670671875 0.55078125 0.8775540859375001 0.5419921875 0.8653846156249999 0.5361328125 0.8599759609375001 0.525390625 0.8640324515625
0 0.05859375 0.7585637015625 0.0703125 0.7585637015625 0.076171875 0.750450721875 0.076171875 0.7396334140625 0.0654296875 0.7355769234375 0.05859375 0.7585637015625
0 0.0146484375 0.778846153125 0.0234375 0.777493990625 0.033203125 0.7612680296875001 0.0302734375 0.7545072125 0.01171875 0.7720853375 0.0146484375 0.778846153125
0 0.724609375 0.26908052968749996 0.732421875 0.27989783749999997 0.73828125 0.2717848546875 0.73828125 0.263671875 0.7333984375 0.259615384375 0.724609375 0.26908052968749996
0 0.728515625 0.3177584140625 0.7158203125 0.2920673078125 0.70703125 0.29341947031250004 0.7158203125 0.3191105765625 0.728515625 0.3177584140625
0 0.7861328125 0.627403846875 0.796875 0.6260516828125 0.798828125 0.615234375 0.7939453125 0.60847355625 0.78515625 0.6125300484375 0.7861328125 0.627403846875
2 0.98046875 0.650390625 0.986328125 0.6476862984375 0.978515625 0.6395733171875 0.9921875 0.6341646625 0.990234375 0.628756009375 0.99609375 0.6233473546875 0.994140625 0.6125300484375 1 0.601712740625 0.994140625 0.5963040859375 0.990234375 0.5692608171875 0.9833984375 0.5597956734375 0.9423828125 0.540865384375 0.93359375 0.5476262015625 0.935546875 0.566556490625 0.923828125 0.5773737984375 0.916015625 0.5990084140625 0.9072265625 0.6003605765625 0.900390625 0.609825721875 0.93359375 0.6747295671875 0.9443359375 0.689603365625 0.95703125 0.6909555296875001 0.9609375 0.6882512015625 0.9599609375 0.681490384375 0.9765625 0.6666165859375 0.98046875 0.650390625
0 0.6103515625 0.494891828125 0.619140625 0.49353966250000003 0.62109375 0.488131009375 0.6142578125 0.4786658640625 0.60546875 0.4773137015625 0.6103515625 0.494891828125
0 0.3095703125 0.23257211562500002 0.306640625 0.2447415859375 0.3173828125 0.2623197109375 0.326171875 0.2609675484375 0.330078125 0.25555889375 0.330078125 0.2393329328125 0.3134765625 0.2298677875 0.3095703125 0.23257211562500002
0 0.7177734375 0.2271634609375 0.71875 0.22581129843749997 0.71875 0.19876802968750001 0.7138671875 0.1920072125 0.7119140625 0.1920072125 0.7099609375 0.189302884375 0.7021484375 0.189302884375 0.7001953125 0.1920072125 0.6982421875 0.1920072125 0.697265625 0.193359375 0.697265625 0.1960637015625 0.6953125 0.19876802968750001 0.697265625 0.2014723546875 0.6953125 0.2041766828125 0.6953125 0.2095853375 0.693359375 0.2122896625 0.693359375 0.2204026453125 0.6953125 0.2231069703125 0.6987476609375001 0.21907935156249997 0.7001201531250001 0.22587260781250001 0.7046297359375 0.2193510828125 0.707766828125 0.2204380046875 0.70894325625 0.224242228125 0.708747171875 0.22804645156249997 0.7103157265625 0.2283181828125 0.7119140625 0.2271634609375 0.7177734375 0.2271634609375
0 0.7265625 0.23662860624999998 0.7265625 0.24203725937499998 0.7275390625 0.24338942343749997 0.7353515625 0.24338942343749997 0.736328125 0.24203725937499998 0.736328125 0.23662860624999998 0.7353515625 0.23527644374999998 0.7275390625 0.23527644374999998 0.7265625 0.23662860624999998
0 0.28515625 0.2663762015625 0.298828125 0.2663762015625 0.30078125 0.2447415859375 0.2919921875 0.2406850953125 0.28515625 0.250150240625 0.28515625 0.2663762015625
0 0.287109375 0.22581129843749997 0.294921875 0.23121995156250003 0.302734375 0.2204026453125 0.2998046875 0.21364182812500002 0.287109375 0.2176983171875 0.287109375 0.22581129843749997
0 0.298828125 0.21499399062500002 0.30859375 0.2176983171875 0.3125 0.2041766828125 0.3037109375 0.1974158640625 0.2978515625 0.2001201921875 0.298828125 0.21499399062500002
0 0.49609375 0.488131009375 0.5078125 0.49083533749999997 0.515625 0.48542668281249995 0.515625 0.4773137015625 0.4990234375 0.4759615390625 0.49609375 0.488131009375
0 0.64453125 0.655799278125 0.6513671875 0.6625600953124999 0.658203125 0.6612079328125 0.6640625 0.6530949515625 0.662109375 0.6422776453125 0.6513671875 0.638221153125 0.64453125 0.655799278125