0 0.4697265625 0.3975360578125 0.4765625 0.3799579328125 0.474609375 0.3664362984375 0.4599609375 0.3380408640625 0.3720703125 0.31640625 0.3525390625 0.31640625 0.333984375 0.3366887015625 0.328125 0.4097055296875 0.3232421875 0.421875 0.3701171875 0.42728365312500005 0.447265625 0.425931490625 0.4453125 0.4124098546875 0.453125 0.4097055296875 0.447265625 0.404296875 0.4697265625 0.3975360578125
0 0.17578125 0.1906550484375 0.181640625 0.18524639375000002 0.1787109375 0.1568509609375 0.1376953125 0.135216346875 0.1171875 0.136568509375 0.11328125 0.1473858171875 0.1171875 0.1554987984375 0.111328125 0.16631610624999998 0.111328125 0.2204026453125 0.107421875 0.24203725937499998 0.107421875 0.2528545671875 0.115234375 0.2528545671875 0.181640625 0.2231069703125 0.17578125 0.2122896625 0.1796875 0.2041766828125 0.17578125 0.1906550484375
0 0.2548828125 0.075721153125 0.1806640625 0.073016828125 0.177734375 0.0770733171875 0.17578125 0.0824819703125 0.181640625 0.0905949515625 0.17578125 0.10682091406250001 0.18359375 0.11222956718749999 0.17578125 0.123046875 0.1787109375 0.135216346875 0.2158203125 0.1568509609375 0.251953125 0.1690204328125 0.2578125 0.163611778125 0.26171875 0.144681490625 0.259765625 0.0824819703125 0.2548828125 0.075721153125
0 0.3359375 0.44756610625000004 0.3359375 0.4556790859375 0.3408203125 0.4597355765625 0.4140625 0.48542668281249995 0.419921875 0.4773137015625 0.4150390625 0.45162259687499995 0.3603515625 0.443509615625 0.3359375 0.44756610625000004
0 0.7265625 0.0770733171875 0.7314453125 0.09735576875 0.74609375 0.0987079328125 0.7587890625 0.09735576875 0.763671875 0.0824819703125 0.7431640625 0.073016828125 0.7265625 0.0770733171875
0 0.1982421875 0.16766826875000002 0.1787109375 0.1784855765625 0.169921875 0.1906550484375 0.17578125 0.19876802968750001 0.171875 0.2014723546875 0.171875 0.21499399062500002 0.1806640625 0.22445913593750003 0.189453125 0.2231069703125 0.2197265625 0.2109375 0.224609375 0.2014723546875 0.224609375 0.1825420671875 0.1982421875 0.16766826875000002
0 0.4052734375 0.1000600953125 0.3623046875 0.0838341359375 0.353515625 0.087890625 0.349609375 0.10411658593749999 0.3583984375 0.140625 0.400390625 0.144681490625 0.40625 0.11763822187499999 0.404296875 0.10952524062499999 0.41015625 0.10682091406250001 0.4052734375 0.1000600953125
0 0.3017578125 0.075721153125 0.2646484375 0.073016828125 0.2578125 0.0770733171875 0.255859375 0.1473858171875 0.2607421875 0.154146634375 0.28125 0.158203125 0.3037109375 0.154146634375 0.30859375 0.144681490625 0.310546875 0.0824819703125 0.3017578125 0.075721153125
0 0.3857421875 0.170372596875 0.353515625 0.18524639375000002 0.3603515625 0.1920072125 0.44140625 0.1960637015625 0.44921875 0.1906550484375 0.44921875 0.1771334140625 0.4365234375 0.1595552890625 0.3857421875 0.170372596875
0 0.533203125 0.404296875 0.5390625 0.3880709140625 0.5361328125 0.3677884609375 0.5146484375 0.3677884609375 0.50390625 0.37725360625 0.498046875 0.41511418281249995 0.509765625 0.4313401453125 0.5087890625 0.4381009609375 0.51953125 0.4367487984375 0.5283203125 0.435396634375 0.5390625 0.42322716250000003 0.5390625 0.4124098546875 0.533203125 0.404296875
0 0.5888671875 0.3677884609375 0.560546875 0.3664362984375 0.564453125 0.382662259375 0.560546875 0.39618389375 0.5703125 0.4015925484375 0.568359375 0.4097055296875 0.5751953125 0.4191706734375 0.5849609375 0.41376201874999996 0.5888671875 0.421875 0.5966796875 0.41646634687499995 0.607421875 0.42052283749999997 0.6171875 0.4097055296875 0.6142578125 0.39483173125 0.5966796875 0.38131009531250004 0.5888671875 0.3677884609375