0 0.6298828125 0.42728365312500005 0.6767578125 0.421875 0.671875 0.4097055296875 0.666015625 0.3366887015625 0.6474609375 0.31640625 0.6279296875 0.31640625 0.5400390625 0.3380408640625 0.525390625 0.3664362984375 0.5234375 0.3799579328125 0.5302734375 0.3975360578125 0.552734375 0.404296875 0.546875 0.4097055296875 0.5546875 0.4124098546875 0.552734375 0.425931490625 0.6298828125 0.42728365312500005
0 0.892578125 0.2528545671875 0.892578125 0.24203725937499998 0.888671875 0.2204026453125 0.888671875 0.16631610624999998 0.8828125 0.1554987984375 0.88671875 0.1473858171875 0.8828125 0.136568509375 0.8623046875 0.135216346875 0.8212890625 0.1568509609375 0.818359375 0.18524639375000002 0.82421875 0.1906550484375 0.8203125 0.2041766828125 0.82421875 0.2122896625 0.818359375 0.2231069703125 0.884765625 0.2528545671875 0.892578125 0.2528545671875
0 0.7841796875 0.1568509609375 0.8212890625 0.135216346875 0.82421875 0.123046875 0.81640625 0.11222956718749999 0.82421875 0.10682091406250001 0.818359375 0.0905949515625 0.82421875 0.0824819703125 0.822265625 0.0770733171875 0.8193359375 0.073016828125 0.7451171875 0.075721153125 0.740234375 0.0824819703125 0.73828125 0.144681490625 0.7421875 0.163611778125 0.748046875 0.1690204328125 0.7841796875 0.1568509609375
0 0.6591796875 0.4597355765625 0.6640625 0.4556790859375 0.6640625 0.44756610625000004 0.6396484375 0.443509615625 0.5849609375 0.45162259687499995 0.580078125 0.4773137015625 0.5859375 0.48542668281249995 0.6591796875 0.4597355765625
0 0.2685546875 0.09735576875 0.2734375 0.0770733171875 0.2568359375 0.073016828125 0.236328125 0.0824819703125 0.2412109375 0.09735576875 0.25390625 0.0987079328125 0.2685546875 0.09735576875
0 0.8193359375 0.22445913593750003 0.828125 0.21499399062500002 0.828125 0.2014723546875 0.82421875 0.19876802968750001 0.830078125 0.1906550484375 0.8212890625 0.1784855765625 0.8017578125 0.16766826875000002 0.775390625 0.1825420671875 0.775390625 0.2014723546875 0.7802734375 0.2109375 0.810546875 0.2231069703125 0.8193359375 0.22445913593750003
0 0.6416015625 0.140625 0.650390625 0.10411658593749999 0.646484375 0.087890625 0.6376953125 0.0838341359375 0.5947265625 0.1000600953125 0.58984375 0.10682091406250001 0.595703125 0.10952524062499999 0.59375 0.11763822187499999 0.599609375 0.144681490625 0.6416015625 0.140625
0 0.7392578125 0.154146634375 0.744140625 0.1473858171875 0.7421875 0.0770733171875 0.7353515625 0.073016828125 0.6982421875 0.075721153125 0.689453125 0.0824819703125 0.69140625 0.144681490625 0.6962890625 0.154146634375 0.71875 0.158203125 0.7392578125 0.154146634375
0 0.6396484375 0.1920072125 0.646484375 0.18524639375000002 0.6142578125 0.170372596875 0.5634765625 0.1595552890625 0.55078125 0.1771334140625 0.55078125 0.1906550484375 0.55859375 0.1960637015625 0.6396484375 0.1920072125
0 0.4912109375 0.4381009609375 0.490234375 0.4313401453125 0.501953125 0.41511418281249995 0.49609375 0.37725360625 0.4853515625 0.3677884609375 0.4638671875 0.3677884609375 0.4609375 0.3880709140625 0.466796875 0.404296875 0.4609375 0.4124098546875 0.4609375 0.42322716250000003 0.4716796875 0.435396634375 0.48046875 0.4367487984375 0.4912109375 0.4381009609375
0 0.4033203125 0.41646634687499995 0.4111328125 0.421875 0.4150390625 0.41376201874999996 0.4248046875 0.4191706734375 0.431640625 0.4097055296875 0.4296875 0.4015925484375 0.439453125 0.39618389375 0.435546875 0.382662259375 0.439453125 0.3664362984375 0.4111328125 0.3677884609375 0.4033203125 0.38131009531250004 0.3857421875 0.39483173125 0.3828125 0.4097055296875 0.392578125 0.42052283749999997 0.4033203125 0.41646634687499995