2 0.0888671875 0.2028245203125 0.1025390625 0.20823317187499998 0.103515625 0.1906550484375 0.0986328125 0.18389423124999998 0.0908203125 0.1974158640625 0.0771484375 0.1568509609375 0.0634765625 0.146033653125 0.0322265625 0.1379206734375 0.03125 0.16631610624999998 0.0234375 0.171724759375 0.02734375 0.1771334140625 0.0185546875 0.189302884375 0.0126953125 0.170372596875 0.0048828125 0.1649639421875 0.00390625 0.1744290859375 0.033203125 0.233924278125 0.05078125 0.28260216250000003 0.0595703125 0.294771634375 0.06640625 0.29341947031250004 0.1015625 0.285306490625 0.1015625 0.2744891828125 0.076171875 0.2122896625 0.0888671875 0.2028245203125
2 0.23046875 0.1960637015625 0.2177734375 0.1974158640625 0.2099609375 0.189302884375 0.1982421875 0.189302884375 0.1650390625 0.1514423078125 0.1474609375 0.146033653125 0.142578125 0.1554987984375 0.142578125 0.171724759375 0.154296875 0.22581129843749997 0.1630859375 0.24609375 0.17578125 0.2447415859375 0.2177734375 0.2190504796875 0.2236328125 0.20823317187499998 0.23046875 0.20688100937499998 0.23046875 0.1960637015625
2 0.10169672968750001 0.74031458125 0.096405778125 0.7146502703125 0.091114828125 0.6889859609375 0.0798716140625 0.6706543078125 0.0752420515625 0.65873875 0.066644275 0.6559889953125 0.06333744999999999 0.650489509375 0.0639988 0.638573928125 0.0380859375 0.6138822125 0.0244140625 0.60847355625 0.0126953125 0.611177884375 0.01042809375 0.6229920296875 0.009765625 0.6314603375 0.01171875 0.6395733171875 0.02167134375 0.6514060953125 0.0243167828125 0.6614884812499999 0.028946382812499998 0.67157089375 0.032914559375 0.6926523015625 0.0421736859375 0.7146502703125 0.054739673437500004 0.7357316796875 0.0679670140625 0.7503969921875 0.0759034015625 0.7568130640625 0.085162528125 0.76506233125 0.093098953125 0.7696452328125 0.10037399218750001 0.76506233125 0.10301943124999999 0.7494804078125 0.10169672968750001 0.74031458125
1 0.2705078125 0.31640625 0.2602973296875 0.3219907015625 0.24609375 0.3366887015625 0.253942975 0.388919871875 0.25902641718749997 0.4100554140625 0.2628390859375 0.41533926093750007 0.27300604375000004 0.4100554140625 0.2907983390625 0.390681171875 0.2844439140625 0.3396036453125 0.2783203125 0.31640625 0.2705078125 0.31640625
2 0.3734051828125 0.7711206109375001 0.3619673140625 0.7834496546875 0.37975953906250004 0.8151529906249999 0.3916015625 0.83563701875 0.40234375 0.8342848546875 0.404296875 0.826171875 0.392578125 0.7720853375 0.3857421875 0.7626201921875 0.3734051828125 0.7711206109375001
2 0.37890625 0.15279447031249999 0.3857421875 0.23798076875000002 0.392578125 0.23662860624999998 0.3955078125 0.216346153125 0.40234375 0.2176983171875 0.40234375 0.193359375 0.39453125 0.18524639375000002 0.408203125 0.1690204328125 0.40234375 0.16631610624999998 0.404296875 0.1609074515625 0.39453125 0.136568509375 0.3837890625 0.12439903906250001 0.3603515625 0.11628605781250001 0.3515625 0.1203425484375 0.341796875 0.1473858171875 0.33984375 0.2041766828125 0.3466796875 0.2190504796875 0.345703125 0.2041766828125 0.353515625 0.2014723546875 0.35546875 0.2204026453125 0.37109375 0.2528545671875 0.37109375 0.1609074515625 0.365234375 0.1473858171875 0.3740234375 0.146033653125 0.37890625 0.15279447031249999
2 0.2275390625 0.0027043265625 0.1904296875 0 0.142578125 0.0067608171875 0.1484375 0.014873798437499999 0.1484375 0.02569110625 0.146484375 0.0365084140625 0.13671875 0.041917067187500004 0.13671875 0.052734375 0.1513671875 0.0784254796875 0.1943359375 0.075721153125 0.2041015625 0.0838341359375 0.212890625 0.0824819703125 0.2333984375 0.0784254796875 0.240234375 0.0689603375 0.236328125 0.031099759375 0.2275390625 0.0027043265625
2 0.21650425625 0.7994437140625 0.20412320625000002 0.796583934375 0.188302946875 0.802303521875 0.19174215625 0.8185090421875 0.20205967343750003 0.8299482421875 0.21994342812499998 0.84520049375 0.2330122984375 0.8575929625000001 0.24126635625 0.8614060140625 0.24332985156250003 0.85092010625 0.232324478125 0.8280417046874999 0.22682177343749998 0.8108829156249999 0.21650425625 0.7994437140625
2 0.8251953125 0.3353365390625 0.8291015625 0.32451923125 0.8369140625 0.3353365390625 0.8427734375 0.3353365390625 0.845703125 0.328575721875 0.84375 0.3096454328125 0.833984375 0.285306490625 0.833984375 0.2528545671875 0.806640625 0.18524639375000002 0.80859375 0.1744290859375 0.7978515625 0.1730769234375 0.7939453125 0.189302884375 0.7841796875 0.189302884375 0.7705078125 0.1649639421875 0.76171875 0.1744290859375 0.755859375 0.1960637015625 0.759765625 0.2014723546875 0.75 0.2095853375 0.74609375 0.228515625 0.7373046875 0.23527644374999998 0.7314453125 0.2298677875 0.732421875 0.2447415859375 0.720703125 0.2609675484375 0.7301993453125 0.29430219062499996 0.744304153125 0.2894152578125 0.7636981171875 0.291858725 0.7707505218749999 0.3114063859375 0.7830922765625 0.32948013125000003 0.7989601359375 0.3211802171875 0.8251953125 0.3353365390625
1 0.3649580375 0.3752711796875 0.352690875 0.3568535390625 0.33735700625 0.351186571875 0.32406760625 0.36818746875 0.31640625 0.3853665859375 0.32421875 0.417818509375 0.329178896875 0.41635670312500006 0.3408203125 0.421875 0.3544921875 0.4245793265625 0.365234375 0.41511418281249995 0.3649580375 0.3752711796875
2 0.240234375 0.0013521625 0.251953125 0.0581430296875 0.2578125 0.0581430296875 0.294921875 0.017578125 0.294921875 0.0067608171875 0.2900390625 0 0.240234375 0.0013521625
1 0.2490234375 0.216346153125 0.2431640625 0.2190504796875 0.2359363328125 0.25135463125 0.240252546875 0.2792698859375 0.265625 0.285306490625 0.271484375 0.27989783749999997 0.271484375 0.2663762015625 0.259765625 0.2231069703125 0.2490234375 0.216346153125
1 0.7021484375 0.170372596875 0.7041015625 0.162259615625 0.7138671875 0.162259615625 0.7158203125 0.1514423078125 0.7490234375 0.1514423078125 0.7548828125 0.140625 0.7607421875 0.14873798124999998 0.767578125 0.10952524062499999 0.7783203125 0.1000600953125 0.7822265625 0.1081730765625 0.787109375 0.10682091406250001 0.775390625 0.0581430296875 0.7470703125 0.0027043265625 0.6416015625 0 0.63671875 0.004056490625 0.677734375 0.1554987984375 0.689453125 0.179837740625 0.681640625 0.1338641828125 0.6826171875 0.11628605781250001 0.693359375 0.123046875 0.7021484375 0.170372596875
1 0.4794921875 0.7869591359375 0.4723214515625 0.77489494375 0.46484375 0.7666766828125 0.4621465484375 0.7634376765625001 0.458984375 0.7585637015625 0.474609375 0.866736778125 0.509765625 0.9045973546875 0.519380209375 0.912382309375 0.550540765625 0.912382309375 0.57597795625 0.912382309375 0.5712890625 0.9059495203125 0.5263671875 0.8410456734375 0.4794921875 0.7869591359375
1 0.47265625 0.382662259375 0.47265625 0.369140625 0.478515625 0.3664362984375 0.47265625 0.35291466250000003 0.47265625 0.33939302968749996 0.478515625 0.32587139375 0.478515625 0.298828125 0.4716796875 0.286658653125 0.46875 0.2907151453125 0.46875 0.3177584140625 0.4638671875 0.32181490468749996 0.4609375 0.3150540859375 0.46484375 0.3096454328125 0.4560546875 0.2920673078125 0.4228515625 0.3001802890625 0.4140625 0.3096454328125 0.4150390625 0.31640625 0.408203125 0.3150540859375 0.41015625 0.304236778125 0.4052734375 0.294771634375 0.3896484375 0.2920673078125 0.38671875 0.35021033749999997 0.4287109375 0.4029447109375 0.451171875 0.4124098546875 0.48046875 0.4070012015625 0.4765625 0.39618389375 0.48046875 0.3880709140625 0.47265625 0.382662259375
1 0.39453125 0.7234074515625 0.419921875 0.8288762015625 0.455078125 0.8342848546875 0.44140625 0.734224759375 0.4130859375 0.708533653125 0.3974609375 0.703125 0.39453125 0.7234074515625
1 0.2080078125 0.400240384375 0.2255859375 0.41646634687499995 0.2265625 0.4015925484375 0.232421875 0.3934795671875 0.220703125 0.3177584140625 0.2041015625 0.2623197109375 0.197265625 0.2717848546875 0.203125 0.304236778125 0.201171875 0.328575721875 0.1962890625 0.329927884375 0.1943359375 0.32181490468749996 0.1806640625 0.3353365390625 0.17578125 0.3420973546875 0.1748046875 0.3623798078125 0.1708984375 0.348858171875 0.1640625 0.35021033749999997 0.1669921875 0.3434495203125 0.171875 0.3448016828125 0.171875 0.3312800484375 0.166015625 0.333984375 0.1669921875 0.3407451921875 0.1630859375 0.3353365390625 0.1591796875 0.3434495203125 0.154296875 0.3177584140625 0.1484375 0.3231670671875 0.15234375 0.36373197031250004 0.16015625 0.3664362984375 0.1953125 0.4421574515625 0.1982421875 0.43269230781249995 0.2109375 0.4313401453125 0.205078125 0.417818509375 0.2080078125 0.400240384375