2 0.9365234375 0.853966346875 0.9677734375 0.8620793265625 0.96875 0.83368389375 0.9765625 0.8282752406249999 0.97265625 0.8228665859375001 0.9814453125 0.8106971156249999 0.9873046875 0.829627403125 0.9951171875 0.8350360578125 0.99609375 0.8255709140624999 0.966796875 0.766075721875 0.94921875 0.7173978375 0.9404296875 0.705228365625 0.93359375 0.7065805296875001 0.8984375 0.714693509375 0.8984375 0.7255108171875 0.923828125 0.7877103375 0.9111328125 0.7971754796875 0.8974609375 0.791766828125 0.896484375 0.8093449515625 0.9013671875 0.81610576875 0.9091796875 0.8025841359375001 0.9228515625 0.8431490390624999 0.9365234375 0.853966346875
2 0.857421875 0.8445012015625 0.857421875 0.8282752406249999 0.845703125 0.7741887015625 0.8369140625 0.75390625 0.82421875 0.7552584140625 0.7822265625 0.7809495203125 0.7763671875 0.791766828125 0.76953125 0.793118990625 0.76953125 0.8039362984375 0.7822265625 0.8025841359375001 0.7900390625 0.8106971156249999 0.8017578125 0.8106971156249999 0.8349609375 0.8485576921875 0.8525390625 0.853966346875 0.857421875 0.8445012015625
2 0.93666255 0.349510490625 0.9360012 0.36142607187500003 0.9619140625 0.38611778750000003 0.9755859375 0.39152644375 0.9873046875 0.388822115625 0.9895719062499999 0.3770079703125 0.990234375 0.36853966250000003 0.98828125 0.3604266828125 0.9783286562500001 0.3485939046875 0.9756832171875001 0.33851151874999996 0.9710536171875 0.32842910625 0.9670854406249999 0.3073476984375 0.9578263140625 0.2853497296875 0.9452603265624999 0.26426832031249997 0.9320329859375001 0.2496030078125 0.9240965984375 0.2431869359375 0.9148374718750001 0.23493766875 0.906901046875 0.2303547671875 0.8996260078124999 0.23493766875 0.8969805687499999 0.2505195921875 0.8983032703125 0.25968541875 0.9035942218749999 0.2853497296875 0.908885171875 0.31101403906249997 0.9201283859375 0.3293456921875 0.9247579484375 0.34126124999999996 0.933355725 0.3440110046875 0.93666255 0.349510490625
1 0.7269939562500001 0.5899445859375 0.7092016609375 0.6093188281249999 0.7155560859375 0.6603963546875 0.7216796875 0.68359375 0.7294921875 0.68359375 0.7397026703125 0.6780092984375 0.75390625 0.6633112984375 0.746057025 0.611080128125 0.7409735828125 0.5899445859375 0.7371609140625 0.5846607390624999 0.7269939562500001 0.5899445859375
2 0.607421875 0.2279146625 0.6142578125 0.2373798078125 0.6265948171875 0.2288793890625 0.6380326859375 0.2165503453125 0.6202404609375 0.184847009375 0.6083984375 0.16436298124999998 0.59765625 0.1657151453125 0.595703125 0.173828125 0.607421875 0.2279146625
2 0.60546875 0.81475360625 0.591796875 0.8309795671875 0.59765625 0.83368389375 0.595703125 0.8390925484375 0.60546875 0.8634314906249999 0.6162109375 0.8756009609375001 0.6396484375 0.8837139421875 0.6484375 0.8796574515625 0.658203125 0.8526141828125 0.66015625 0.7958233171875 0.6533203125 0.7809495203125 0.654296875 0.7958233171875 0.646484375 0.7985276453125 0.64453125 0.7795973546875 0.62890625 0.7471454328125 0.62890625 0.8390925484375 0.634765625 0.8526141828125 0.6259765625 0.853966346875 0.62109375 0.8472055296875001 0.6142578125 0.76201923125 0.607421875 0.76337139375 0.6044921875 0.783653846875 0.59765625 0.7823016828125 0.59765625 0.806640625 0.60546875 0.81475360625
2 0.86328125 0.9580829328125 0.86328125 0.947265625 0.8486328125 0.9215745203125 0.8056640625 0.924278846875 0.7958984375 0.9161658640624999 0.787109375 0.9175180296875001 0.7666015625 0.9215745203125 0.759765625 0.9310396624999999 0.763671875 0.9689002406249999 0.7724609375 0.9972956734375 0.8095703125 1 0.857421875 0.9932391828125 0.8515625 0.9851262015625 0.8515625 0.97430889375 0.853515625 0.9634915859375001 0.86328125 0.9580829328125
2 0.7669877015625 0.1424070375 0.7587336437500001 0.1385939859375 0.7566701484375 0.14907989375 0.767675521875 0.1719582953125 0.7731782265625 0.18911708437500002 0.78349574375 0.2005562859375 0.79587679375 0.203416065625 0.8116970531250001 0.197696478125 0.8082578437500001 0.1814909578125 0.7979403265625 0.17005175781249998 0.780056571875 0.15479950625 0.7669877015625 0.1424070375
2 0.166015625 0.714693509375 0.166015625 0.7471454328125 0.193359375 0.81475360625 0.19140625 0.8255709140624999 0.2021484375 0.8269230765625 0.2060546875 0.8106971156249999 0.2158203125 0.8106971156249999 0.2294921875 0.8350360578125 0.23828125 0.8255709140624999 0.244140625 0.8039362984375 0.240234375 0.7985276453125 0.25 0.7904146625 0.25390625 0.771484375 0.2626953125 0.76472355625 0.2685546875 0.7701322125 0.267578125 0.7552584140625 0.279296875 0.7390324515625 0.2698006546875 0.7056978093749999 0.255695846875 0.7105847421875 0.2363018828125 0.708141275 0.229249478125 0.6885936140625 0.2169077234375 0.67051986875 0.20103986406250002 0.6788197828125 0.1748046875 0.6646634609375 0.1708984375 0.67548076875 0.1630859375 0.6646634609375 0.1572265625 0.6646634609375 0.154296875 0.671424278125 0.15625 0.6903545671875 0.166015625 0.714693509375
1 0.670821103125 0.5836432968749999 0.6591796875 0.578125 0.6455078125 0.5754206734375 0.634765625 0.5848858171875 0.6350419625 0.6247288203125 0.647309125 0.6431464609375 0.66264299375 0.648813428125 0.6759323937499999 0.63181253125 0.68359375 0.6146334140625 0.67578125 0.582181490625 0.670821103125 0.5836432968749999
2 0.759765625 0.9986478375000001 0.748046875 0.9418569703124999 0.7421875 0.9418569703124999 0.705078125 0.982421875 0.705078125 0.9932391828125 0.7099609375 1 0.759765625 0.9986478375000001
1 0.728515625 0.7336237984375 0.740234375 0.7768930296875001 0.7509765625 0.783653846875 0.7568359375 0.7809495203125 0.7640636671875 0.74864536875 0.7597474531249999 0.7207301140625 0.734375 0.714693509375 0.728515625 0.7201021625 0.728515625 0.7336237984375
1 0.2392578125 0.85126201875 0.232421875 0.8904747593750001 0.2216796875 0.8999399046875001 0.2177734375 0.8918269234375 0.212890625 0.8931790859375001 0.224609375 0.9418569703124999 0.2529296875 0.9972956734375 0.3583984375 1 0.36328125 0.9959435093750001 0.322265625 0.8445012015625 0.310546875 0.8201622593750001 0.318359375 0.8661358171875 0.3173828125 0.8837139421875 0.306640625 0.876953125 0.2978515625 0.829627403125 0.2958984375 0.8377403843750001 0.2861328125 0.8377403843750001 0.2841796875 0.8485576921875 0.2509765625 0.8485576921875 0.2451171875 0.859375 0.2392578125 0.85126201875
1 0.490234375 0.0954026453125 0.48061979062500004 0.087617690625 0.449459234375 0.087617690625 0.42402204374999997 0.087617690625 0.4287109375 0.0940504796875 0.4736328125 0.1589543265625 0.5205078125 0.21304086406249997 0.5276785484375 0.22510505625000002 0.53515625 0.2333233171875 0.5378534515625 0.2365623234375 0.541015625 0.24143629843749997 0.525390625 0.133263221875 0.490234375 0.0954026453125
1 0.521484375 0.701171875 0.5283203125 0.713341346875 0.53125 0.7092848546875 0.53125 0.6822415859375 0.5361328125 0.6781850953124999 0.5390625 0.6849459140625 0.53515625 0.6903545671875 0.5439453125 0.7079326921875 0.5771484375 0.6998197109375 0.5859375 0.6903545671875 0.5849609375 0.68359375 0.591796875 0.6849459140625 0.58984375 0.695763221875 0.5947265625 0.705228365625 0.6103515625 0.7079326921875 0.61328125 0.6497896625 0.5712890625 0.5970552890625 0.548828125 0.5875901453125 0.51953125 0.5929987984375 0.5234375 0.60381610625 0.51953125 0.6119290859375 0.52734375 0.617337740625 0.52734375 0.630859375 0.521484375 0.6335637015625 0.52734375 0.6470853375 0.52734375 0.6606069703124999 0.521484375 0.67412860625 0.521484375 0.701171875
1 0.60546875 0.2765925484375 0.580078125 0.1711237984375 0.544921875 0.1657151453125 0.55859375 0.265775240625 0.5869140625 0.291466346875 0.6025390625 0.296875 0.60546875 0.2765925484375
1 0.802734375 0.7282151453125 0.796875 0.695763221875 0.798828125 0.671424278125 0.8037109375 0.670072115625 0.8056640625 0.6781850953124999 0.8193359375 0.6646634609375 0.82421875 0.6579026453125 0.8251953125 0.6376201921875 0.8291015625 0.651141828125 0.8359375 0.6497896625 0.8330078125 0.6565504796875 0.828125 0.6551983171875 0.828125 0.6687199515625 0.833984375 0.666015625 0.8330078125 0.6592548078125 0.8369140625 0.6646634609375 0.8408203125 0.6565504796875 0.845703125 0.6822415859375 0.8515625 0.6768329328125 0.84765625 0.6362680296875001 0.83984375 0.6335637015625 0.8046875 0.5578425484375 0.8017578125 0.5673076921875 0.7890625 0.5686598546875 0.794921875 0.582181490625 0.7919921875 0.599759615625 0.7744140625 0.583533653125 0.7734375 0.5984074515625 0.767578125 0.6065204328125 0.779296875 0.6822415859375 0.7958984375 0.7376802890625 0.802734375 0.7282151453125