1 0.029471426562500003 0.18165515000000002 0.00475345625 0.1974512484375 0 0.25405394062500003 0.00475345625 0.3290854140625 0.014260367187500001 0.30670760625 0.0323235015625 0.29091150625 0.0503866328125 0.22114539843749997 0.0503866328125 0.1935022234375 0.029471426562500003 0.18165515000000002
1 0.0665483828125 0.20271661562499999 0.052288015624999996 0.2250944234375 0.041830412500000004 0.2737990640625 0.0399290296875 0.28959516406249997 0.0646470015625 0.28696248125 0.07605529531250001 0.2685336984375 0.079858059375 0.2369414984375 0.07605529531250001 0.21193100625 0.0665483828125 0.20271661562499999
1 0.8366082515625 0.7805906015625 0.833756178125 0.7529474281249999 0.8166437375 0.7397840109375 0.8033340609374999 0.7595291359375 0.8185451203125 0.7805906015625 0.8366082515625 0.7805906015625
1 0.7824188546874999 0.8319279265624999 0.7738626328125 0.79770304375 0.7653064140625 0.7924376765625001 0.7557995015625 0.8082337765625001 0.7662571046875 0.8385096359374999 0.7824188546874999 0.8319279265624999
0 0.7120787015625 0.7906562687500001 0.70329363125 0.7771407765625 0.69158020625 0.7724103546875 0.6920682640625 0.7933593671875 0.7023175125 0.8034959859375 0.7120787015625 0.7906562687500001
0 0.58030265625 0.8947255546875 0.611538459375 0.8872920359375 0.6159309937499999 0.8744523171875 0.60226533125 0.86296415 0.581766834375 0.8670187968749999 0.576886240625 0.8899951343750001 0.58030265625 0.8947255546875
0 0.8292129640624999 0.68726275625 0.824820428125 0.6791534609375 0.8121308828125 0.6778019125 0.8131070015624999 0.693344728125 0.824820428125 0.6913174046874999 0.8292129640624999 0.68726275625
0 0.3203125 0.44756610625000004 0.3251953125 0.4543269234375 0.33203125 0.452974759375 0.330078125 0.439453125 0.3212890625 0.435396634375 0.3203125 0.44756610625000004
1 0.5890019609375 0.11360177656249999 0.6209566140625 0.090881421875 0.619229334375 0.063377834375 0.5890019609375 0.04663651875 0.5734564546875001 0.094468846875 0.5890019609375 0.11360177656249999
1 0.7055932578124999 0.11360177656249999 0.7116387328125 0.0813149546875 0.7064568984374999 0.055007175 0.68659319375 0.0705526828125 0.684002278125 0.0968604625 0.7055932578124999 0.11360177656249999
1 0.6330475625 0.1590424875 0.6451385109375 0.1363221328125 0.6390930359375 0.10881854531249999 0.6149111375 0.11718920156249998 0.6062747453124999 0.1518676390625 0.6330475625 0.1590424875