1 0.0503866328125 0.8064977765625001 0.0503866328125 0.7788546015625 0.0323235015625 0.70908849375 0.014260367187500001 0.69329239375 0.00475345625 0.6709145859375 0 0.745946059375 0.00475345625 0.8025487515625 0.029471426562500003 0.8183448500000001 0.0503866328125 0.8064977765625001
1 0.07605529531250001 0.78806899375 0.079858059375 0.7630585015625 0.07605529531250001 0.7314663015625 0.0646470015625 0.71303751875 0.0399290296875 0.7104048359374999 0.041830412500000004 0.7262009359375 0.052288015624999996 0.7749055765625 0.0665483828125 0.797283384375 0.07605529531250001 0.78806899375
1 0.833756178125 0.247052571875 0.8366082515625 0.2194093984375 0.8185451203125 0.2194093984375 0.8033340609374999 0.2404708640625 0.8166437375 0.2602159890625 0.833756178125 0.247052571875
1 0.7738626328125 0.20229695625000002 0.7824188546874999 0.1680720734375 0.7662571046875 0.1614903640625 0.7557995015625 0.1917662234375 0.7653064140625 0.2075623234375 0.7738626328125 0.20229695625000002
0 0.70329363125 0.22285922343750003 0.7120787015625 0.20934373125 0.7023175125 0.1965040140625 0.6920682640625 0.20664063281249997 0.69158020625 0.2275896453125 0.70329363125 0.22285922343750003
0 0.60226533125 0.13703585000000001 0.6159309937499999 0.1255476828125 0.611538459375 0.11270796406250001 0.58030265625 0.1052744453125 0.576886240625 0.110004865625 0.581766834375 0.132981203125 0.60226533125 0.13703585000000001
0 0.824820428125 0.3208465390625 0.8292129640624999 0.31273724375 0.824820428125 0.3086825953125 0.8131070015624999 0.306655271875 0.8121308828125 0.3221980875 0.824820428125 0.3208465390625
0 0.3251953125 0.5456730765625 0.3203125 0.55243389375 0.3212890625 0.564603365625 0.330078125 0.560546875 0.33203125 0.547025240625 0.3251953125 0.5456730765625
1 0.6209566140625 0.909118578125 0.5890019609375 0.8863982234375 0.5734564546875001 0.905531153125 0.5890019609375 0.95336348125 0.619229334375 0.936622165625 0.6209566140625 0.909118578125
1 0.7116387328125 0.9186850453125001 0.7055932578124999 0.8863982234375 0.684002278125 0.9031395375000001 0.68659319375 0.9294473171875 0.7064568984374999 0.9449928249999999 0.7116387328125 0.9186850453125001
1 0.6451385109375 0.8636778671875 0.6330475625 0.8409575125 0.6062747453124999 0.8481323609375 0.6149111375 0.8828107984375 0.6390930359375 0.8911814546875 0.6451385109375 0.8636778671875